10.	0.00001148183906717535
9.895401913533155	0.000011512837234360087
9.401870948776288	0.000011611557718873496
9.01393281603362	0.000011687303915107991
8.839517733744355	0.000011749093883934574
8.60638546249704	0.000011828174564345322
8.310800498208385	0.000011894987410406697
8.073379332321855	0.00001194634689066255
7.813707376518091	0.000012049810031760424
7.474450352034486	0.000012181512938751131
7.346346838552443	0.000012214148542994582
7.2409641959707685	0.000012239280972970045
6.9069404921020725	0.000012388669132285386
6.568753581865343	0.000012537596412626826
6.500263083874571	0.000012558347877560357
6.493816315762108	0.000012561754199660328
6.484970495173624	0.000012566112540213745
6.105402296585323	0.000012691873886489938
5.808916362256935	0.000012788664842594674
5.740220448285759	0.000012829454631149398
5.647805957716099	0.000012881377054228234
5.396881187230948	0.000012974938664539937
5.196804789259688	0.000013047071830298348
5.074078044822393	0.000013128792438756768
4.91255158308243	0.000013232167337714562
4.770582696143925	0.000013291509041927881
4.654776650828497	0.000013337348742310003
4.4852402859610425	0.000013463609151427711
4.267442069383486	0.000013622111133523434
4.216965034285818	0.000013645638125028203
4.174741361708563	0.000013663850472985391
3.964736104785725	0.000013838175089208349
3.893796758031441	0.000013894954943731303
3.7429188694082507	0.000013990295244634001
3.727593720314937	0.000013992134631298991
3.709357321751391	0.00001400899489880114
3.504635510786993	0.00001413403618465603
3.3425650188945206	0.000014230768194413474
3.295013079491798	0.000014283322796229955
3.2320235024872206	0.000014349216798784236
3.0979287747911832	0.00001444032104431461
2.9894358798018446	0.00001451096708107911
2.912632654908735	0.000014605371983331118
2.813251096829674	0.000014722644941600699
2.738419634264359	0.000014778801858340603
2.6764066763172587	0.000014822456151432366
2.5746268004948667	0.00001496094518153483
2.44628406497396	0.00001513106424146903
2.4206308919513533	0.000015152129050817573
2.3988047554030842	0.000015168543550573101
2.2758459260747865	0.000015352657430334874
2.2433235931287117	0.000015399265260594858
2.14755454101218	0.000015493341697780465
2.13972096962534	0.00001550750973211476
2.1293034193794007	0.000015525037298711674
2.011738042280792	0.000015652559444045992
1.9172870166338045	0.00001575199970897815
1.8914101456267864	0.00001580360394450814
1.8577763738937205	0.000015866719033201744
1.7782794100389214	0.000015960715424194258
1.712945238325917	0.000016034250183170556
1.6719153524051973	0.000016123931108736904
1.6199001272314433	0.000016232176025806412
1.5719132380591494	0.000016293322445397536
1.5314936867271107	0.000016341324577095932
1.4778925406905186	0.000016468877051504202
1.4117434381578728	0.000016620540090961575
1.3894954943731366	0.00001665066056950684
1.370255430265336	0.000016674398333403754
1.306385732200234	0.00001683872353510036
1.229779700237405	0.0000170310012588848
1.228247006346922	0.00001703316997765258
1.2268841584373305	0.000017034887303873158
1.2151283319164556	0.000017066436812963356
1.1547819846894574	0.000017177542704244806
1.09406436968136	0.00001728584065800911
1.0857111194022033	0.000017314846823122642
1.0750454717480855	0.00001734956577105316
0.975711476010305	0.000017543131428000113
0.9597162693679212	0.000017494026523738364
0.9396506799052494	0.000017678153414918795
0.8707941448419378	0.000017825825187505532
0.8483428982440714	0.000017923683571891004
0.8204329757733161	0.000018044993304608147
0.7976010449601615	0.000018102523741546257
0.7781702715800212	0.000018152394285017604
0.7498942093324552	0.000018304484782742303
0.7141055617476951	0.000018515644392454047
0.7050408581378377	0.000018547269305901574
0.697524115525723	0.000018579211696917608
0.662870316182644	0.000018881288094069977
0.6604803183482143	0.00001891410145626777
0.6290574389254029	0.000019210180984895094
0.6232221168523754	0.000019315295821060434
0.6142648154533875	0.00001937601265632849
0.585945391506921	0.00001949026273059335
0.5624594224826417	0.000019580269316372584
0.550898295397827	0.000019672317855629618
0.536260185487261	0.000019782393596136096
0.5179474679231207	0.000019861145779885012
0.5023946867497114	0.000019923277184010705
0.4869675251658627	0.000020057318436422712
0.46790941778654266	0.000020215418512685593
0.4578405827854411	0.00002026083120174456
0.45003123746030754	0.000020369288617504212
0.43649939813576144	0.000020480321745343567
0.4304558074461244	0.000020471712711676298
0.4253201734219303	0.00002054664526017721
0.4078149256654086	0.000020696399827274407
0.40470899507597574	0.000020690714284851295
0.40203627013260756	0.000020731586346018836
0.3809779664175844	0.000020918187141338405
0.38050217435132627	0.000020917059371683774
0.3758168155145555	0.00002096179992453117
0.35887672497308787	0.000021072610771440775
0.3577432338979945	0.000021087789186214476
0.35627534402218053	0.000021105938688006873
0.33634557179068353	0.000021247979806999236
0.3198230756383022	0.000021360507353750123
0.31622776601683766	0.00002141310870218754
0.3116691116557818	0.000021475286489325946
0.2973132646510132	0.000021583266506020526
0.285147634408214	0.00002166858610224734
0.2795300945608198	0.0000217577836025322
0.2725670206291917	0.00002186187191141088
0.26281058753600606	0.000021937873943383638
0.25434678006024336	0.000021997689787608796
0.2470911227985603	0.00002212186214870584
0.2383152453779283	0.000022264046482199643
0.23231188491402985	0.00002231090908666771
0.2269693807905158	0.00002234761439187839
0.21841663618286777	0.000022503669828839284
0.2083443816266024	0.000022677844489371593
0.20535250264571445	0.000022700054494327426
0.20261400640503424	0.000022717151215311363
0.19306977288832486	0.00002289946673449223
0.18215629860443963	0.00002309645852387712
0.18152170888055774	0.000023100534097365092
0.18092229129593126	0.000023103473285664287
0.17425969929621798	0.000023231188491402874
0.17066436812963426	0.000023278405294638897
0.16112276888248356	0.00002339219908495633
0.16045643647092703	0.000023411222972840126
0.15962717199800877	0.000023432680297576554
0.1508590708600177	0.00002354153992223458
0.14327367320025286	0.00002362504060590379
0.14183575156781839	0.000023667736143742994
0.1400949510126596	0.00002371429107558258
0.13335214321633226	0.000023788385868378553
0.12734166720101991	0.000023841404612503754
0.12537596412626897	0.00002389983355683159
0.12307079462962241	0.000023960924106638208
0.11787686347935863	0.00002400261797071368
0.11520412314695991	0.00002413639158032892
0.11342571217081399	0.000024146407444980823
0.11082630582794506	0.000024089105674975788
0.10806142627802616	0.00002423027620818562
0.10687226040116257	0.00002423359518536565
0.10419746251239533	0.000024161737571539605
0.10141806628694505	0.00002430195004654033
0.10064714551600179	0.000024300851118364607
0.09796510957314962	0.000024213977298900884
0.09523472259653586	0.00002435183024638394
0.09473908507696457	0.00002434878053682095
0.0921055317689481	0.000024244735123330302
0.08877060183621621	0.00002421140740745974
0.08659643233600645	0.00002425124147762701
0.08433370953244662	0.0000242792959504571
0.08141684814475708	0.000024228486892724454
0.07837061968734199	0.000024160872352562954
0.07654706993131224	0.00002417680678540905
0.07473020609483864	0.000024180136470827042
0.07196856730011514	0.00002408940297611787
0.06895207906791073	0.00002397296768664719
0.06766391821240035	0.000023966446870994412
0.06643615767230171	0.000023951119712224273
0.06361674269215419	0.000023802985537065212
0.06039535187798416	0.000023610277849454242
0.059811640497314085	0.000023596414945054576
0.059279833597297424	0.00002357957605934306
0.05623413251903485	0.000023388893272922198
0.05333906794137287	0.000023231188491402874
0.05290350441123676	0.000023207115793422312
0.05287060568603499	0.000023203289629337262
0.05282528935279143	0.000023198011534835482
0.04970826116437389	0.00002299024705926083
0.047241817895977416	0.000022817349174919327
0.04673506565555114	0.000022740156048447082
0.046002529903362066	0.000022627480216011794
0.04393970560760788	0.000022443012434008462
0.042343676108478244	0.000022295106152609932
0.04131154416499512	0.000022084305465253207
0.03971122972036601	0.00002175076856652498
0.03884058069339562	0.000021643031233650356
0.03824966217403989	0.00002150430555439354
0.036674244866369124	0.000021112056461864525
0.03651741272548375	0.000021072489760371582
0.03615004978337773	0.00002096179992453117
0.034918728046264856	0.000020379257407348372
0.034333200182819934	0.000020094705391499302
0.033957474868441494	0.000019911645097243188
0.03351111990410611	0.000019693728858077624
0.03230511365575126	0.00001893899302458033
0.03227963173773754	0.000018923065438361874
0.03227369682175864	0.00001891989877187194
0.03226694126321531	0.00001891410145626777
0.03226836039451367	0.000018903095418125903
0.03227963173773754	0.000018815925019607426
0.032518577506815846	0.000017066436812963356
0.03306355684032976	0.000016027594020235803
0.03320769566463987	0.000015399265260594858
0.034333200182819934	0.000014759963296224594
0.03504606554894118	0.000014379113601759024
0.03600254555721179	0.000013894954943731303
0.03629364918426003	0.000013753340794829607
0.03651741272548375	0.00001364995797273719
0.03758696196606194	0.000013155569699717756
0.03822725863673858	0.00001287464367206444
0.03884058069339562	0.0000126166219215397
0.03903294606202829	0.000012537596412626826
0.040443795748455885	0.000012101756738981297
0.04301024578652737	0.000011312834366320138
0.04393970560760788	0.000011069366126724047
0.0454921702270168	0.000010676745912089156
0.04673506565555114	0.000010384003864934403
0.04703261691990304	0.000010316262456585515
0.04751751155226061	0.000010207715832270921
0.04970826116437389	9.74409936923448e-6
0.050756897714402824	9.536665394552178e-6
0.05249951791402799	9.210553176894763e-6
0.05287060568603499	9.156029109697319e-6
0.05495123566821816	8.863015022827705e-6
0.05623413251903485	8.707977633754287e-6
0.05946708194252648	8.231160059934034e-6
0.06084260369844797	8.077421189060433e-6
0.06361674269215419	7.821190686807463e-6
0.0645838131960663	7.689895260390685e-6
0.06659328563621404	7.4989420933245276e-6
0.07196856730011514	7.0357292280084474e-6
0.07619543617199924	6.714666639003411e-6
0.07757828072232584	6.617153017765709e-6
0.08141684814475708	6.36279686499315e-6
0.08570387903977493	6.105402296585301e-6
0.0899723389242865	5.8715547226152124e-6
0.0921055317689481	5.780712713534402e-6
0.09781246321648839	5.494683826870401e-6
0.0983675024027701	5.471474781701832e-6
0.10419746251239533	5.257615847935906e-6
0.10658396370403343	5.162021134569685e-6
0.11199334732057772	4.970826116437369e-6
0.11787686347935863	4.7932889032368994e-6
0.12237783244440933	4.669871488916709e-6
0.12663235657836694	4.560401219053123e-6
0.13335214321633226	4.400072660892471e-6
0.15066524368244474	4.047089950759749e-6
0.15080259255151188	4.044565030557779e-6
0.1508590708600177	4.043531527251932e-6
0.15099353298921803	4.041085071264188e-6
0.16461783991827825	3.8109471526844197e-6
0.17066436812963426	3.7189615245238027e-6
0.17971064182635935	3.5912202369354866e-6
0.18588651688275962	3.509951666949423e-6
0.19306977288832486	3.4209053496317226e-6
0.2040125024830968	3.2950130794917906e-6
0.21414055706944002	3.188202019833971e-6
0.21841663618286777	3.145616222745415e-6
0.22899718780315437	3.045204187259467e-6
0.2470911227985603	2.8904575492207276e-6
0.25502556166183477	2.827802310597102e-6
0.2751558008290263	2.6826957952797164e-6
0.2795300945608198	2.6535173714357613e-6
0.30347275003417107	2.5047877401740777e-6
0.31622776601683766	2.433442258701403e-6
0.3501448214317522	2.263733246657918e-6
0.3608409644511324	2.215778742383721e-6
0.40470899507597574	2.0474037901665877e-6
0.4291794022995649	1.961071173002372e-6
0.4906906779652992	1.7782794100389155e-6
0.5097462105234773	1.731598307631401e-6
0.5179474679231207	1.7123097420592903e-6
0.5387391274769546	1.6653748157375834e-6
0.585945391506921	1.5697940318401693e-6
0.6053048662550161	1.5284198050116876e-6
0.662870316182644	1.416858904231763e-6
0.7145174063597499	1.3357821659311145e-6
0.8479711225191	1.1796301059657143e-6
0.8483428982440714	1.1792714650133901e-6
0.8484934750951897	1.1791173651849302e-6
0.8488540516420229	1.1787686347935843e-6
0.9597162693679212	1.0822154538662456e-6
1.0098226852536025	1.0446720284409786e-6
1.0857111194022033	9.934540433044558e-7
1.1410081965703294	9.59716269367919e-7
1.201947793934673	9.257122436192146e-7
1.2948780821025685	8.788287337464572e-7
1.3894954943731366	8.366576693236224e-7
1.4301738784747462	8.198668134011537e-7
1.531348048047712	7.813707376518086e-7
1.5719132380591494	7.672275932317319e-7
1.7013652469063205	7.258603467822343e-7
1.7782794100389214	7.036951624602032e-7
1.9829597347506074	6.51629369448752e-7
2.023528613859962	6.423937360804461e-7
2.2758459260747865	5.912899804615859e-7
2.406138869907197	5.683058160584411e-7
2.5746268004948667	5.416906599372699e-7
2.7423804963951444	5.179474679231202e-7
2.860689622750678	5.026442954496557e-7
2.912632654908735	4.962625786440835e-7
3.0459580263613613	4.807161514001666e-7
3.400712099983617	4.444823699342057e-7
3.6616380215629447	4.216965034285814e-7
3.727593720314937	4.163343525291782e-7
4.041563134569569	3.9287007135646375e-7
4.688527579764765	3.53404879525889e-7
4.770582696143925	3.49039694727569e-7
4.803775080352496	3.47322575635548e-7
4.882461881315142	3.4333200182819864e-7
5.707583466869862	3.0686281282535633e-7
6.105402296585323	2.9234814464403736e-7
6.781507272976741	2.7112075634654526e-7
7.232756464893876	2.5886004657557306e-7
7.813707376518091	2.4488693053023807e-7
8.05759149490056	2.395464257509619e-7
8.653975611481375	2.2758459260747865e-7
8.839517733744355	2.2414730977180505e-7
8.982231661630644	2.215899484823531e-7
9.574693025946559	2.116821747882441e-7
9.989806070959549	2.053525026457146e-7
10.	2.0520274664996673e-7