158.300000      5.754399E-04
150.000000      6.998420E-04
141.700000      8.222426E-04
133.300000      9.120108E-04
125.000000      1.000000E-03
116.700000      1.096478E-03
108.300000      1.174898E-03
100.000000      1.258925E-03
91.700000       1.333521E-03
83.300000       1.380384E-03
75.000000       1.348963E-03
66.700000       1.202264E-03
66.700000       5.623413E-04
75.000000       3.548134E-04
83.300000       2.722701E-04
91.700000       2.264644E-04
100.000000      2.113489E-04
108.300000      2.041738E-04
116.700000      2.018366E-04
125.000000      2.065380E-04
133.300000      2.162719E-04
141.700000      2.317395E-04
150.000000      2.600160E-04
158.300000      3.126079E-04
158.300000      5.754399E-04