334.143519      1.177628E-03
325.763889      1.333893E-03
317.384259      1.493876E-03
309.004630      1.528105E-03
300.625000      1.692105E-03
292.245370      1.692105E-03
283.865741      1.811105E-03
275.486111      1.831736E-03
267.106481      1.873707E-03
258.726852      1.982889E-03
250.347222      1.982889E-03
241.967593      2.074798E-03
233.587963      2.074798E-03
225.208333      2.170967E-03
216.828704      2.195698E-03
208.449074      2.323643E-03
200.069444      2.323643E-03
191.689815      2.459043E-03
183.310185      2.515387E-03
174.930556      2.602333E-03
166.550926      2.692285E-03
158.171296      2.785345E-03
149.791667      2.849166E-03
141.412037      3.049537E-03
133.032407      3.154946E-03
124.652778      3.301181E-03
116.273148      3.454194E-03
107.893519      3.614300E-03
99.513889       3.868480E-03
91.134259       4.187702E-03
82.754630       4.431723E-03
74.375000       4.332453E-03
65.995370       4.283655E-03
65.995370       4.812592E-04
74.375000       3.311619E-04
82.754630       2.278776E-04
91.134259       1.816831E-04
99.513889       1.550399E-04
107.893519      1.353354E-04
116.273148      1.236108E-04
124.652778      1.141881E-04
133.032407      1.054837E-04
141.412037      9.967557E-05
149.791667      9.634532E-05
158.171296      9.312635E-05
166.550926      9.312635E-05
174.930556      9.104034E-05
183.310185      8.900106E-05
191.689815      8.799861E-05
200.069444      8.799861E-05
208.449074      8.799861E-05
216.828704      9.104034E-05
225.208333      9.418721E-05
233.587963      9.744286E-05
241.967593      1.019594E-04
250.347222      1.066854E-04
258.726852      1.103730E-04
267.106481      1.141881E-04
275.486111      1.141881E-04
283.865741      1.222185E-04
292.245370      1.293403E-04
300.625000      1.384363E-04
309.004630      1.622262E-04
317.384259      1.756129E-04
325.763889      2.105068E-04
334.143519      2.552085E-04
334.143519      1.177628E-03
