216.828704      1.879631E-04
208.449074      2.439033E-04
200.069444      2.552085E-04
191.689815      2.825982E-04
183.310185      2.990654E-04
174.930556      3.200975E-04
166.550926      3.311619E-04
158.171296      3.584890E-04
149.791667      3.708804E-04
141.412037      4.060586E-04
133.032407      4.200943E-04
124.652778      4.445735E-04
116.273148      4.651799E-04
107.893519      4.758386E-04
99.513889       4.922863E-04
91.134259       4.758386E-04
91.134259       2.990654E-04
99.513889       2.153301E-04
107.893519      1.756129E-04
116.273148      1.532937E-04
124.652778      1.400133E-04
133.032407      1.293403E-04
141.412037      1.194809E-04
149.791667      1.181351E-04
158.171296      1.116303E-04
166.550926      1.141881E-04
174.930556      1.141881E-04
183.310185      1.129020E-04
191.689815      1.141881E-04
200.069444      1.222185E-04
208.449074      1.264431E-04
216.828704      1.585924E-04
216.828704      1.879631E-04
