0.01	2.0054259054319416e-6
0.010069386314760276	2.018509285794391e-6
0.010139254075588154	2.031678024964448e-6
0.010209606623060466	2.044932679779548e-6
0.010280447320933092	2.058273810710948e-6
0.010351779556301762	2.071701981887409e-6
0.010423606739764018	2.085217761119067e-6
0.010495932305582278	2.098821719921379e-6
0.01056875971184804	2.1125144335393235e-6
0.010642092440647241	2.1262964809716783e-6
0.010715933998226712	2.1401684449955193e-6
0.010790287915161841	2.154130912190837e-6
0.010865157746525383	2.168184472965334e-6
0.010940547072057424	2.1823297215793747e-6
0.011016459496336563	2.1965672561711067e-6
0.011092898648952227	2.210897678781733e-6
0.011169868184678232	2.2253215953810003e-6
0.01124737178364752	2.239839615892746e-6
0.011325413151528114	2.2544523542207308e-6
0.011403996019700324	2.2691604282745664e-6
0.011483124145435111	2.2839644599958397e-6
0.01156280131207376	2.2988650753844083e-6
0.011643031329208768	2.3138629045248518e-6
0.011723818032865992	2.328958581613115e-6
0.011805165285688049	2.34415274498331e-6
0.011887076977119033	2.359446037134697e-6
0.011969557023590434	2.374839104758881e-6
0.012052609368708425	2.390332598767087e-6
0.012136237983442412	2.40592717431772e-6
0.01222044686631488	2.4216234908440566e-6
0.012305240043592616	2.4374222120821053e-6
0.012390621569479163	2.4533240060986877e-6
0.012476595526308698	2.4693295453196615e-6
0.012563166024741208	2.48543950655836e-6
0.012650337203959031	2.501654571044203e-6
0.012738113231864785	2.517975424451477e-6
0.012826498305280605	2.534402756928378e-6
0.01291549665014884	2.5509372631261217e-6
0.013005112521734093	2.5675796422283447e-6
0.01309535020482667	2.5843305979806637e-6
0.013186214013947485	2.6011908387204267e-6
0.013277708293554298	2.6181610774066524e-6
0.013369837418249465	2.635242031650185e-6
0.013462605792989104	2.652434423744021e-6
0.013556017853293682	2.6697389806938593e-6
0.013650078065460139	2.6871564342488113e-6
0.013744790926775373	2.7046875209323992e-6
0.013840160965731315	2.722332982073618e-6
0.013936192742241428	2.740093563838329e-6
0.014032890847858725	2.7579700172607956e-6
0.014130259905995337	2.7759630982754284e-6
0.014228304572143526	2.794073567748763e-6
0.014327029534098309	2.812302191511609e-6
0.014426439512181581	2.830649740391454e-6
0.014526539259467805	2.8491169902450165e-6
0.0146273335620113	2.8677047219911193e-6
0.014728827239075025	2.886413721643621e-6
0.014831025143361045	2.905244780344708e-6
0.014933932161242525	2.924198694398326e-6
0.015037553212997377	2.943276265303853e-6
0.01514189325304352	2.962478299789988e-6
0.015246957270175738	2.981805609848854e-6
0.015352750287804227	3.0012590127703412e-6
0.015459277364194777	3.0208393311766585e-6
0.01556654359271062	3.0405473930571127e-6
0.01567455410205595	3.0603840318031153e-6
0.015783314056521173	3.080350086243458e-6
0.01589282865622978	3.1004464006797115e-6
0.01600310313738701	3.1206738249219784e-6
0.016114142772530198	3.1411495877704136e-6
0.016225952870780873	3.161802724112719e-6
0.016338538778098613	3.1825916560231118e-6
0.016451905877536626	3.203517276351001e-6
0.016566059589499145	3.224580483816544e-6
0.016681005372000592	3.245782183049229e-6
0.01679674872092653	3.2671232846267373e-6
0.01691329517029648	3.2886047051140366e-6
0.017030650292528444	3.31022736710275e-6
0.017148819698705402	3.3319921992507787e-6
0.01726780903884356	3.353900136322175e-6
0.017387624002162504	3.3759521192272988e-6
0.017508270317357244	3.39814909506321e-6
0.017629753752872058	3.420492017154359e-6
0.017752080117176352	3.4429818450935116e-6
0.017875255259042353	3.4656195447829804e-6
0.017999285067824763	3.4884060884760655e-6
0.018124175473742368	3.511342454818885e-6
0.018249932448161525	3.5344296288923203e-6
0.018376562003881713	3.557668602254367e-6
0.018504070195423022	3.5810603729827024e-6
0.018632463119315597	3.6046059457175704e-6
0.018761746914391204	3.6283063317049002e-6
0.018891927762076665	3.6521625488397557e-6
0.019023011886689447	3.6761756217100415e-6
0.01915500555573528	3.700346581640505e-6
0.019287915080207777	3.7246764667370356e-6
0.019421746814890256	3.7491663219312345e-6
0.019556507158659493	3.773817199025309e-6
0.019692202554791725	3.798630156737228e-6
0.019828839491270712	3.823606260746198e-6
0.019966424501097934	3.8487465837384384e-6
0.02010496416260498	3.874052205453228e-6
0.020244465099768037	3.899524212729294e-6
0.020384933982524632	3.92516369955149e-6
0.02052637752709252	3.950971767097773e-6
0.02066880249629083	3.976949523786491e-6
0.02081221569986338	4.003098085323981e-6
0.02095662399480433	4.029418574752546e-6
0.021102034285685956	4.055912122498582e-6
0.021248453524988827	4.082579866421204e-6
0.021395888713434227	4.109422951861097e-6
0.021544346900318832	4.136442531689687e-6
0.021693835183851845	4.163639766358678e-6
0.021844360711494273	4.191015823949878e-6
0.021995930680300747	4.218571880225361e-6
0.022148552337263604	4.2463091186779725e-6
0.022302232979659376	4.274228730582163e-6
0.02245697995539774	4.302331915045121e-6
0.022612800663372783	4.3306198790583075e-6
0.0227697025538168	4.359093837549278e-6
0.022927693128656498	4.387755013433854e-6
0.023086779941871687	4.416604637668654e-6
0.02324697059985648	4.445643949303957e-6
0.023408272761782933	4.474874195536915e-6
0.023570694139967277	4.504296631765126e-6
0.023734242500238676	4.533912521640542e-6
0.02389892566231049	4.5637231371237155e-6
0.024064751500154243	4.593729758538517e-6
0.024231727942375995	4.6239336746270075e-6
0.024399862972595502	4.6543361826048466e-6
0.024569164629827913	4.6849385882170095e-6
0.024739641008868128	4.715742205793844e-6
0.024911300260677886	4.746748358307536e-6
0.025084150592775398	4.777958377428917e-6
0.025258200269627846	4.809373603584661e-6
0.025433457613046495	4.84099538601485e-6
0.02560993100258458	4.87282508283093e-6
0.02578762887593801	4.905023298458421e-6
0.02596655972934871	4.937620376218036e-6
0.02614673211801092	4.970434082974811e-6
0.026328154656480213	5.003465858367332e-6
0.026510836019085375	5.036717151601625e-6
0.02669478494034321	5.070189421514694e-6
0.02688001021537606	5.103884136638458e-6
0.027066520700332414	5.137802775264267e-6
0.02725432531281029	5.171946825507772e-6
0.027443433032283655	5.2063177853741e-6
0.027633852900531698	5.240917162823731e-6
0.027825594022071243	5.275746475838483e-6
0.028018665564591955	5.3108072524882955e-6
0.02821307675939472	5.346101030998082e-6
0.028408836901833042	5.381629359815394e-6
0.02860595535175742	5.417393797678191e-6
0.028804441533962964	5.453395913683382e-6
0.029004304938639917	5.489637287355516e-6
0.029205555121827466	5.526119508716242e-6
0.029408201705870638	5.562844178353874e-6
0.029612254379880344	5.599812907493829e-6
0.029817722900196717	5.637027318069103e-6
0.030024617090855493	5.67448904279163e-6
0.03023294684405778	5.7121997252237496e-6
0.03044272212064303	5.750161019850379e-6
0.030653952950565267	5.788374592151655e-6
0.03086664943337273	5.8268421186759394e-6
0.031080821738690638	5.865565287113347e-6
0.03129648010670752	5.904545796369828e-6
0.03151363484866479	5.943785356641779e-6
0.03173229634734976	5.983285689490896e-6
0.03195247505759212	6.023048527919904e-6
0.03217418150676372	6.063075616448406e-6
0.03239742629528197	6.10336871118959e-6
0.0326222200971167	6.143929579927104e-6
0.03284857366030044	6.1847600021928e-6
0.03307649780744241	6.225861769344601e-6
0.03330600343624589	6.267236684645304e-6
0.033537101520029304	6.308886563341491e-6
0.033769803108250916	6.3508132327433756e-6
0.03400411932703706	6.393018532304762e-6
0.03424006137971424	6.435504313703942e-6
0.03447764054734464	6.478272440924758e-6
0.034716868189265615	6.521324790338553e-6
0.03495775574363275	6.564663250786319e-6
0.03520031472796679	6.608289723661745e-6
0.035444556739704335	6.652206122994436e-6
0.0356904934567523	6.6964143755341255e-6
0.03593813663804628	6.740916420834966e-6
0.0361874981241128	6.785714211340768e-6
0.03643858983763545	6.830809712470642e-6
0.03669142378402492	6.876204902705257e-6
0.03694601205199302	6.9219017736735125e-6
0.03720236681413068	6.967902330240006e-6
0.03746050032748993	7.014208590593075e-6
0.037720424934169994	7.060822586333151e-6
0.037982153061907345	7.107746362562101e-6
0.03824569722466999	7.154981977972724e-6
0.03851107002325571	7.2025315049393324e-6
0.03877828414589457	7.250397029608394e-6
0.03904735236885562	7.298580651990339e-6
0.039318287557057685	7.347084486051427e-6
0.03959110266468459	7.395910659806734e-6
0.039865810735804405	7.4450613154132806e-6
0.04014242490499322	7.4945386092642766e-6
0.04042095839796308	7.544344712083441e-6
0.040701424532194365	7.594481809020528e-6
0.040983836717572615	7.644952099746907e-6
0.04126820845702954	7.695851407683694e-6
0.04155455334718875	7.747480817634518e-6
0.041842885079015825	7.799456595534877e-6
0.04213321743847287	7.85178106507424e-6
0.04242556430717777	7.904456565531012e-6
0.04271993966306779	7.957485451877288e-6
0.04301635758106795	8.010870094884034e-6
0.043314832233764006	8.064612881227127e-6
0.04361537789208003	8.118716213593931e-6
0.04391800892596086	8.17318251079089e-6
0.044222739805058996	8.228014207851572e-6
0.044529585099426554	8.283213756145549e-6
0.044838559480211884	8.338783623487999e-6
0.045149677720361	8.394726294249938e-6
0.04546295469532399	8.451044269469471e-6
0.04577840538376619	8.507740066963482e-6
0.046096044868284336	8.564816221440208e-6
0.046415888336127795	8.622275284612635e-6
0.04673795107992461	8.680119825312404e-6
0.04706224849841281	8.738352429604877e-6
0.047388796097176535	8.796975700904596e-6
0.047717609489387455	8.85599226009174e-6
0.04804870439655132	8.915404745629326e-6
0.04838209664925955	8.975215813680999e-6
0.04871780218794631	9.035428138230024e-6
0.04905583706365048	9.096044411198664e-6
0.04939621743878321	9.15706734256862e-6
0.04973895958790065	9.218499660502046e-6
0.050084079898482126	9.280344111463705e-6
0.050431594871713586	9.34260346034365e-6
0.05078152112327673	9.405280490580839e-6
0.05113387538414326	9.468378004287607e-6
0.05148867450137495	9.531898822374845e-6
0.05184593543892913	9.595845784678266e-6
0.052205675278469754	9.660221750085275e-6
0.05256791122018422	9.725029596662776e-6
0.052932660583605615	9.790272221785913e-6
0.0532999408084409	9.855952542267432e-6
0.05366976945540476	9.922073494488333e-6
0.05404216420705915	9.988638034528944e-6
0.0544171428686589	0.000010055649138301191
0.05479472336900287	0.00001012310980168162
0.05517492376129126	0.000010191023040645204
0.055557762223988776	0.000010259391891400415
0.05594325706169378	0.00001032821941052481
0.05633142670601355	0.000010397508675101693
0.05672228971644543	0.00001046726278285776
0.05711586478126432	0.000010537484852301404
0.057512170718416133	0.00001060817802286239
0.05791122647641758	0.000010679345455032036
0.058313051135262216	0.000010750990330504604
0.05871766390733255	0.000010823115852319379
0.05912508413831878	0.00001089572524500409
0.0595353313081437	0.00001096882175471895
0.05994842503189409	0.000011042408649401778
0.06036438506075867	0.000011116489218914169
0.0607832312829723	0.000011191066775188401
0.061204983724766994	0.000011266144652375739
0.06162966255132942	0.000011341726206995357
0.062057288067765004	0.000011417814818084427
0.06248788072006891	0.000011494413887349197
0.06292146109610344	0.000011571526839316948
0.0633580499265825	0.000011649157121489349
0.06379766808606283	0.000011727308204496363
0.0642403365939419	0.000011805983582251504
0.06468607661546324	0.000011885186772108076
0.06513490946272803	0.000011964921315016202
0.06558685659571432	0.000012045190775681477
0.06604193962330306	0.000012125998742724082
0.06650018030431122	0.00001220798560577364
0.06696160054853219	0.000012290578416303919
0.06742622241778343	0.000012373730006364496
0.0678940681269611	0.000012457444156363785
0.06836516004510239	0.00001254172467228631
0.06883952069645499	0.000012626575385865903
0.06931717276155404	0.000012712000154760024
0.0697981390783066	0.000012798002862724807
0.07028244264308349	0.000012884587419792085
0.0707701066118189	0.000012971757762446712
0.07126115430111749	0.00001305951785380577
0.07175560918936924	0.000013147871683798845
0.07225349491787214	0.00001323682326934908
0.07275483529196229	0.00001332637665455622
0.0732596542821523	0.000013416535910880128
0.07376797602527735	0.000013507305137325991
0.07427982482564914	0.000013598688460630918
0.07479522515621821	0.00001369069003545108
0.07531420165974372	0.000013783314044551125
0.0758367791499719	0.000013876564698993933
0.07636298261282246	0.000013970446238332196
0.0768928372075831	0.000014064962930801366
0.0774263682681127	0.000014160119073513328
0.07796360130405233	0.000014255918992652164
0.07850456200204509	0.000014352367043670503
0.07904927622696424	0.000014449467611487653
0.07959777002314981	0.00001454722511068917
0.08015006961565405	0.000014645643985727139
0.08070620141149504	0.000014744728711122709
0.08126619200091946	0.000014844483791669122
0.08183006815867394	0.000014944913762636658
0.08239785684528515	0.000015046023189979052
0.08296958520834907	0.000015147816670540637
0.08354528058382867	0.000015250298832265812
0.08412497049736119	0.000015353474334409048
0.08470868266557406	0.000015457347867746864
0.08529644499741021	0.00001556192415479133
0.0858882855954625	0.000015667207950004253
0.08648423275731722	0.00001577320404001391
0.08708431497690725	0.000015879917243832196
0.08768856094587431	0.00001598735241307391
0.08829699955494091	0.000016095514432177515
0.08890965989529158	0.00001620440821862675
0.08952657125996397	0.000016314038723174745
0.09014776314524918	0.000016424410930068616
0.09077326525210229	0.000016535529857276263
0.09140310748756232	0.00001664740055671474
0.09203731996618221	0.000016760028114479432
0.09267593301146879	0.00001687341765107585
0.0933189771573324	0.000016987574321651887
0.09396648314954696	0.000017102503316232723
0.09461848194722002	0.000017218209859956324
0.0952750047242729	0.000017334699213311152
0.09593608287093142	0.00001745197667237566
0.09660174799522646	0.000017570047569058402
0.09727203192450543	0.000017688917271341197
0.09794696670695395	0.000017808591183522505
0.0986265846131282	0.000017929074746463516
0.09931091813749796	0.00001805037343783561
0.1	0.000018172492772368884
0.10069386314760276	0.000018295438302103535
0.10139254075588151	0.00001841921561664172
0.10209606623060467	0.000018543830343401874
0.10280447320933092	0.000018669288147874864
0.10351779556301763	0.000018795594733880943
0.10423606739764017	0.000018922755843829748
0.10495932305582274	0.000019050777258980782
0.10568759711848043	0.000019179664799706527
0.10642092440647241	0.000019325414926840105
0.10715933998226711	0.000019480694726402023
0.10790287915161842	0.000019637222199883793
0.1086515774652538	0.000019795007372351223
0.10940547072057427	0.000019954060349421494
0.11016459496336567	0.000020114391317910625
0.11092898648952228	0.00002027601054648547
0.11169868184678232	0.000020438928386321903
0.11247371783647517	0.000020603155271767485
0.11325413151528117	0.00002076870172100982
0.11403996019700328	0.000020935578336750155
0.11483124145435111	0.000021103795806882622
0.1156280131207376	0.000021273364905178337
0.11643031329208765	0.000021444296491976038
0.11723818032865989	0.000021616601514877148
0.11805165285688052	0.00002025773837231616
0.11887076977119033	0.00001977785313921102
0.11969557023590434	0.00001950413307959661
0.12052609368708422	0.00001932672680916895
0.12136237983442408	0.00001920756336952585
0.12220446866314884	0.000019128217729149543
0.12305240043592616	0.000019078177715382662
0.12390621569479163	0.000019050809486269877
0.12476595526308698	0.000019041628688637028
0.12563166024741204	0.000019047448248949835
0.12650337203959036	0.000019065914877776165
0.12738113231864784	0.00001909523780503551
0.12826498305280606	0.000019134020707702704
0.1291549665014884	0.000019181152707102468
0.13005112521734088	0.00001923573497562806
0.13095350204826672	0.00001929702974664372
0.13186214013947484	0.00001936442393364933
0.13277708293554297	0.00001943740257194894
0.13369837418249467	0.000019515529041016743
0.134626057929891	0.000019598430076703733
0.13556017853293686	0.000019685784236199783
0.1365007806546014	0.000019777312897054767
0.13744790926775374	0.000019872773146117588
0.13840160965731316	0.00001997195209848612
0.13936192742241424	0.000020074662312697153
0.14032890847858728	0.000020180738056314554
0.14130259905995338	0.000020290032238385613
0.14228304572143527	0.000020402413870057707
0.1432702953409831	0.000020517765947332087
0.14426439512181577	0.000020635983674069796
0.14526539259467808	0.00002075697296139306
0.14627333562011302	0.000020880649153243556
0.14728827239075026	0.000021006935938241654
0.14831025143361043	0.000021135764415983264
0.14933932161242522	0.00002126707229211671
0.15037553212997382	0.000021400803181400954
0.15141893253043523	0.000021536906001773443
0.15246957270175737	0.00002167533444550214
0.15352750287804226	0.000021816046515926797
0.15459277364194773	0.000021959004120252016
0.15566543592710616	0.000022104172710440967
0.15674554102055954	0.000022251520965545335
0.15783314056521172	0.00002240102050986514
0.1589282865622978	0.000022552645662198714
0.16003103137387006	0.00002270637321216141
0.16114142772530193	0.000022862182220146198
0.16225952870780874	0.00002302005383799683
0.16338538778098613	0.000023179971147880635
0.16451905877536624	0.000023341919017195402
0.16566059589499144	0.00002350588396764242
0.16681005372000587	0.00002367185405684598
0.16796748720926535	0.00002383981877111238
0.1691329517029648	0.000024009768928102204
0.17030650292528443	0.0000241771388344605
0.171488196987054	0.000024339184330323156
0.17267809038843554	0.000024503029574469378
0.17387624002162508	0.00002466866716968839
0.1750827031735724	0.000024836090688681205
0.17629753752872057	0.000025005294615586913
0.1775208011717635	0.00002517627429231073
0.1787525525904235	0.000025349025869190854
0.1799928506782477	0.000025523546259598268
0.18124175473742368	0.000025699833098101626
0.18249932448161524	0.000025877884701874036
0.18376562003881713	0.00002605770003504833
0.18504070195423017	0.000026239278675760464
0.18632463119315604	0.00002642262078564584
0.18761746914391206	0.000026607727081577723
0.18891927762076663	0.00002679459880945754
0.19023011886689448	0.00002698323771988514
0.19155005555735274	0.00002717364604555477
0.19287915080207782	0.000027365826480235547
0.1942174681489026	0.00002755978215920995
0.19556507158659492	0.00002775551664105462
0.19692202554791724	0.000027953033890658893
0.19828839491270708	0.000028152338263385676
0.1996642450109794	0.000028353434490287517
0.20104964162604985	0.000027745588215314106
0.2024446509976804	0.00002793080158620673
0.2038493398252463	0.000028117393692798734
0.20526377527092515	0.00002830536560468722
0.20668802496290825	0.000028487835308938802
0.20812215699863387	0.000028669787718358555
0.2095662399480433	0.000028852989590256894
0.21102034285685956	0.00002903744193028281
0.21248453524988822	0.00002928973473583439
0.21395888713434222	0.000029549187212292006
0.2154434690031884	0.000029811455881040657
0.21693835183851842	0.000030064968144372714
0.21844360711494273	0.000030268091643780837
0.21995930680300743	0.000030472641260416694
0.221485523372636	0.00003067862009089879
0.2230223297965938	0.00003087335182537543
0.2245697995539774	0.000031057552099040826
0.22612800663372784	0.00003124285846061576
0.227697025538168	0.00003142927285290173
0.22927693128656493	0.00003168415589592078
0.2308677994187169	0.0000319450229032549
0.23246970599856479	0.000032208281608809846
0.2340827276178293	0.00003241844979883877
0.23570694139967277	0.00003256568768281547
0.23734242500238667	0.0000327137504733402
0.23898925662310497	0.00003286193928017607
0.2406475150015424	0.00003302670057524126
0.24231727942375994	0.0000331956610712124
0.243998629725955	0.00003360463419973107
0.24569164629827908	0.00003395985013862721
0.24739641008868135	0.00003416122084035501
0.24911300260677885	0.000034363836913069075
0.250841505927754	0.00003464312120102971
0.25258200269627845	0.00003500576106282438
0.2543345761304649	0.000035372842896562565
0.25609931002584585	0.00003568112766110659
0.2578762887593802	0.00003584911736638845
0.2596655972934871	0.00003601827645117582
0.26146732118010924	0.00003619371745587721
0.26328154656480207	0.000036391157626951074
0.2651083601908538	0.000036589821212563336
0.26694784940343214	0.00003679990640541259
0.2688001021537606	0.00003706486131172144
0.27066520700332414	0.00003732144627827784
0.27254325312810285	0.00003757970656045866
0.2744343303228365	0.00003783965001908558
0.2763385290053171	0.00003810128458746167
0.2782559402207124	0.00003834692308582063
0.28018665564591955	0.00003854053475240537
0.2821307675939472	0.00003873539923420188
0.28408836901833034	0.000038996614569111934
0.2860595535175743	0.00003936700552983828
0.28804441533962966	0.000039806728393542854
0.2900430493863992	0.00004006056666683806
0.2920555512182746	0.00004017781188572832
0.2940820170587063	0.000040298253901404505
0.29612254379880354	0.00004053163642875397
0.2981772290019672	0.00004079098909136748
0.30024617090855493	0.0000410578764656501
0.3023294684405778	0.00004136742022595643
0.3044272212064302	0.00004167933931806245
0.3065395295056528	0.0000419745262498222
0.3086664943337273	0.000042249941538157215
0.3108082173869064	0.000042527543142111834
0.3129648010670752	0.00004276503829260385
0.31513634848664784	0.000042997831827370434
0.3173229634734977	0.000043232871349650564
0.3195247505759212	0.00004347016585593293
0.32174181506763716	0.00004370972454870131
0.32397426295281967	0.000043801367195560846
0.3262222009711669	0.00004385670213156926
0.32848573660300445	0.000043917254238840375
0.3307649780744241	0.000043982890174016395
0.33306003436245885	0.00004405368621257913
0.335371015200293	0.00004344283461386314
0.3376980310825091	0.00004388649167016491
0.3400411932703707	0.00004421922612597645
0.34240061379714243	0.00004438256514960817
0.3447764054734464	0.000043406990092466134
0.3471686818926561	0.000043855378194693566
0.34957755743632746	0.00004430847386302989
0.35200314727966797	0.00004424409851724006
0.3544455673970434	0.00004535789526626487
0.356904934567523	0.00004407682466797328
0.35938136638046275	0.00004409352475020447
0.361874981241128	0.000044144143986856505
0.36438589837635454	0.00004412871760274368
0.36691423784024924	0.00004461450712331682
0.36946012051993027	0.00004405871569767194
0.3720236681413068	0.00004409312201377868
0.37460500327489926	0.000043815768569169136
0.3772042493416998	0.00004285089057536563
0.3798215306190735	0.000041995877537279144
0.38245697224669994	0.000042006307953227376
0.38511070023255706	0.00004207946455001513
0.3877828414589457	0.0000415361761450922
0.3904735236885561	0.0000413512175440939
0.39318287557057685	0.00004134196465174568
0.3959110266468459	0.000040320867390397375
0.3986581073580441	0.000040640770178644544
0.4014242490499321	0.000039188379177815934
0.4042095839796307	0.00003952849236352587
0.4070142453219438	0.00003876533955182657
0.4098383671757262	0.000038562557935566984
0.41268208457029537	0.00003866460502330691
0.4155455334718875	0.000038899108360913194
0.4184288507901581	0.00003865027668086512
0.4213321743847288	0.000039421151207103886
0.42425564307177777	0.00003956142112774401
0.4271993966306779	0.000039518035416624545
0.43016357581067943	0.00003800220186167073
0.43314832233763995	0.000032845108646720494
0.4361537789208005	0.0000343940208504412
0.43918008925960866	0.000043170250224763715
0.4422273980505899	0.00004913240332331786
0.4452958509942655	0.000051907145364629374
0.4483855948021188	0.000055251475055008084
0.4514967772036101	0.00005828266245284318
0.45462954695324	0.00006127482996178507
0.45778405383766185	0.00006360616322038147
0.4609604486828433	0.00006651134704814131
0.4641588833612779	0.00007026468897822053
0.4673795107992462	0.00007398450111803308
0.47062248498412823	0.00007749317105811942
0.47388796097176533	0.00008137671284857387
0.4771760948938746	0.00008259905793617182
0.4804870439655131	0.00008682515517422417
0.4838209664925956	0.00009242124016210028
0.48717802187946313	0.00009590622448290096
0.4905583706365048	0.00009983516683140932
0.4939621743878321	0.00010547828142076894
0.49738959587900644	0.0001088986698357039
0.5008407989848211	0.00011378138638986981
0.5043159487171359	0.00011819887709846215
0.5078152112327674	0.0001239844774958114
0.5113387538414326	0.0001273484786537318
0.5148867450137494	0.00013413801252930188
0.5184593543892911	0.00013897116224268933
0.5220567527846975	0.0001435467869512731
0.5256791122018423	0.0001501370666394612
0.5293266058360562	0.0001543285049663072
0.5329994080844089	0.0001584315290884725
0.5366976945540475	0.00016561445896755937
0.5404216420705915	0.00016984616744972157
0.5441714286865891	0.00017332961012217645
0.5479472336900287	0.00018329843626539055
0.5517492376129125	0.00018493449062314746
0.5555776222398876	0.00018160118613192683
0.5594325706169379	0.00018055473454338307
0.5633142670601355	0.0001156608167426119
0.5672228971644544	0.00006058347119730929
0.5711586478126431	0.00014400107458255247
0.5751217071841612	0.00018324513688231178
0.579112264764176	0.00020377953776750692
0.5831305113526223	0.00021876400404111272
0.5871766390733255	0.00022603614988344584
0.5912508413831877	0.00023417303474876738
0.5953533130814369	0.00023539959840767523
0.599484250318941	0.00024046805186156447
0.6036438506075867	0.0002504889469169405
0.6078323128297229	0.0002541415383029237
0.6120498372476699	0.000259794929738134
0.6162966255132941	0.0002641931082195065
0.6205728806776502	0.0002709810088289822
0.6248788072006892	0.00027491895495258134
0.6292146109610345	0.00027588149104336305
0.633580499265825	0.00027989434823065724
0.6379766808606282	0.00028428360359642135
0.6424033659394193	0.00028808479926210336
0.6468607661546325	0.0002955674875532745
0.6513490946272803	0.0002943217778578153
0.6558685659571432	0.0003004597544894997
0.6604193962330305	0.00030767463134355623
0.665001803043112	0.00030987026250283627
0.669616005485322	0.00031326649839613733
0.6742622241778342	0.0003201190322204699
0.6789406812696108	0.0003220405662511181
0.6836516004510238	0.000324097220728723
0.6883952069645498	0.00032613827186155384
0.6931717276155405	0.0003339941259259293
0.6979813907830661	0.00033655038148612277
0.7028244264308349	0.00034134720075022914
0.7077010661181888	0.00034533429825233227
0.7126115430111748	0.00034525418411325467
0.7175560918936926	0.00035093530939815366
0.7225349491787214	0.00034720781477819217
0.7275483529196228	0.000351715904411024
0.732596542821523	0.0003528341521415572
0.7376797602527733	0.0003598077193108684
0.7427982482564915	0.0003566135706388772
0.7479522515621823	0.00036079813465640355
0.7531420165974372	0.00035477731345342687
0.758367791499719	0.00036351129727923097
0.7636298261282244	0.00036543785140918207
0.7689283720758311	0.00036468379719542976
0.7742636826811271	0.0003643687145298343
0.7796360130405233	0.00036912979031847185
0.7850456200204509	0.0003758940931091096
0.7904927622696423	0.0003809364883390871
0.7959777002314984	0.00038913583100684746
0.8015006961565406	0.00038528197899798827
0.8070620141149504	0.0003878141121456221
0.8126619200091945	0.0003839739160278309
0.8183006815867393	0.00037900139109097223
0.8239785684528518	0.000375820070344923
0.8296958520834907	0.00037405193681336237
0.8354528058382867	0.00037758326216211316
0.8412497049736117	0.0003819648395645371
0.8470868266557405	0.000383791247499131
0.8529644499741023	0.00038675119887975583
0.8588828559546251	0.000387806027929882
0.8648423275731723	0.00038924507708162855
0.8708431497690724	0.00039485081487806236
0.8768856094587429	0.0003964785031200943
0.8829699955494089	0.00039623530260904637
0.8890965989529159	0.00039693631541568025
0.8952657125996397	0.000402819495622883
0.9014776314524917	0.0004056676711813332
0.9077326525210226	0.0004038122398301395
0.914031074875623	0.00039179358992481053
0.9203731996618223	0.00039685201572863096
0.9267593301146879	0.0004093590707728492
0.9331897715733238	0.0004105610517799981
0.9396648314954694	0.00041832614170321427
0.9461848194722	0.00041944981024620196
0.9527500472427292	0.00042608930270731385
0.9593608287093143	0.00043183681494024756
0.9660174799522646	0.000435203663353279
0.9727203192450541	0.00043412026368179024
0.9794696670695393	0.00044113239317570966
0.9862658461312822	0.0004376887357938236
0.9931091813749796	0.00045426412988549224
1.	0.0004570553421263466
1.0069386314760276	0.00047456224458176255
1.013925407558815	0.0004725574940201716
1.0209606623060468	0.0004648112535131209
1.0280447320933093	0.0004962018964241684
1.0351779556301763	0.0005052225621092928
1.0423606739764015	0.0004999271584372038
1.0495932305582274	0.0005085537365193924
1.0568759711848041	0.0005037542694836281
1.0642092440647242	0.0005086083626120193
1.0715933998226712	0.0005082262483536709
1.079028791516184	0.0005082794864649143
1.0865157746525382	0.0005216105463054573
1.0940547072057427	0.0004996754783609502
1.1016459496336566	0.000494580224577396
1.1092898648952227	0.0005046024652151719
1.116986818467823	0.0005086728910714023
1.1247371783647517	0.0005102314502636313
1.1325413151528119	0.0005117917364479038
1.1403996019700327	0.0005133537353792086
1.148312414543511	0.0005149174328076208
1.1562801312073758	0.0005168670379250181
1.1643031329208766	0.0005194173216228462
1.172381803286599	0.000521977075824964
1.180516528568805	0.000524546316061114
1.1887076977119033	0.0005271250578386033
1.1969557023590434	0.0005297133166432512
1.2052609368708425	0.0005323111079403411
1.2136237983442408	0.0005349184471755896
1.2220446866314882	0.000537535349776123
1.2305240043592616	0.0005410523875258518
1.2390621569479163	0.00054457780849122
1.2476595526308696	0.0005481262055250611
1.2563166024741206	0.0005516977282647168
1.2650337203959034	0.0005552925273242591
1.2738113231864785	0.0005589107543008294
1.2826498305280605	0.0005625525617810009
1.2915496650148839	0.0005662181033471976
1.300511252173409	0.0005699075335841432
1.3095350204826672	0.0005740113203368687
1.3186214013947486	0.000578477174661931
1.3277708293554298	0.0005829777777725727
1.3369837418249464	0.0005874693367142198
1.3462605792989102	0.0005919271026948367
1.3556017853293685	0.0005964179535549269
1.365007806546014	0.0006009421243696817
1.3744790926775374	0.0006054998517432471
1.3840160965731314	0.0006100913738167194
1.3936192742241424	0.0006136774600644031
1.4032890847858728	0.000616362078362258
1.413025990599534	0.000619055253882798
1.4228304572143526	0.0006217570043941921
1.4327029534098308	0.0006244673477628476
1.4426439512181577	0.0006271863019542792
1.4526539259467808	0.0006333336522669302
1.46273335620113	0.0006403415356790917
1.4728827239075026	0.000647470232998409
1.4831025143361043	0.0006545324353523133
1.4933932161242522	0.0006616318711309392
1.503755321299738	0.0006684348587506004
1.5141893253043521	0.0006745887134823438
1.5246957270175738	0.0006808239658308768
1.5352750287804227	0.0006871422889456648
1.5459277364194774	0.0006935454061929796
1.5566543592710615	0.0006997362747489736
1.5674554102055953	0.0007033473621894243
1.5783314056521174	0.0007065532132855273
1.5892828656229778	0.0007096405651840734
1.6003103137387007	0.0007127375833341685
1.6114142772530196	0.0007158720381619423
1.6225952870780875	0.0007200168997257408
1.6338538778098612	0.0007241870438372582
1.6451905877536626	0.0007283826418900665
1.6566059589499142	0.0007326038666746283
1.6681005372000588	0.0007368283055425413
1.6796748720926535	0.0007429492132519596
1.691329517029648	0.0007495121450016886
1.7030650292528444	0.0007561330531296972
1.7148819698705398	0.0007628124497582542
1.7267809038843556	0.0007695508515340362
1.7387624002162507	0.0007763487796680786
1.7508270317357244	0.0007832067599760884
1.7629753752872057	0.000790125322919119
1.775208011717635	0.0007971050036445894
1.787525525904235	0.0007995980684200151
1.7999285067824768	0.0008014268169618935
1.812417547374237	0.0008032553745041142
1.8249932448161523	0.0008050837297074957
1.8376562003881711	0.0008069118713492202
1.850407019542302	0.0008087397883232492
1.8632463119315603	0.0008105674696407096
1.8761746914391206	0.0008123949044302974
1.8891927762076663	0.0008143161460984251
1.9023011886689445	0.0008219153968355977
1.9155005555735276	0.00082963271839442
1.9287915080207783	0.000837451119333697
1.9421746814890257	0.000845372613486604
1.955650715865949	0.0008533992730467485
1.9692202554791722	0.0008615332308163042
1.982883949127071	0.000844994331331793
1.996642450109794	0.0008320101759862953
2.0104964162604984	0.0008335389439998349
2.0244465099768036	0.0008376695882002347
2.0384933982524633	0.0008424730740848557
2.052637752709252	0.000854447543578938
2.0668802496290826	0.000849665808781234
2.0812215699863383	0.0008247104232170486
2.095662399480433	0.0007595227353444705
2.1102034285685956	0.0008200836523420317
2.1248453524988826	0.0008415882844932924
2.139588871343422	0.000841670233552799
2.154434690031884	0.0008510706407882262
2.169383518385185	0.0008375711824594855
2.1844360711494275	0.0008130731297928994
2.1995930680300746	0.0008375184348469711
2.2148552337263596	0.0007834506271163984
2.2302232979659378	0.0007754562453727245
2.2456979955397744	0.0007397437779824176
2.2612800663372785	0.0007669347693471722
2.2769702553816797	0.0007730270791170643
2.2927693128656492	0.0007697829826317808
2.308677994187169	0.0007720315701448124
2.324697059985648	0.000777274481375071
2.340827276178293	0.0008174804312142067
2.3570694139967276	0.0008559429059160497
2.373424250023867	0.0008613895005374627
2.3898925662310497	0.000855804839166151
2.4064751500154244	0.0008521092353855856
2.4231727942375993	0.0008416708490350704
2.43998629725955	0.0008339204769042793
2.456916462982791	0.000828384409473198
2.4739641008868136	0.0008413715917112642
2.491130026067789	0.0008550550876445422
2.50841505927754	0.0008805234252270719
2.5258200269627844	0.000881698297396961
2.543345761304649	0.000873379576323923
2.5609931002584587	0.0008839836780763704
2.5787628875938013	0.0008847927223373357
2.596655972934871	0.0008830099157689931
2.6146732118010916	0.0008812452770164277
2.632815465648021	0.0008794978366458922
2.6510836019085384	0.0008777666867506139
2.6694784940343212	0.0008767400672063681
2.6880010215376062	0.0008795764200238852
2.7066520700332415	0.0008824555622881628
2.725432531281029	0.0008853779038477519
2.744343303228365	0.0008895762927384727
2.7633852900531704	0.0008954347787159301
2.7825594022071245	0.0009008777963898695
2.801866556459195	0.0009048907267734782
2.821307675939472	0.0009089330448447916
2.8408836901833032	0.0009130046637855221
2.8605955351757424	0.0009171055104263962
2.880444153396297	0.0009212355244904682
2.9004304938639915	0.0009251672876664305
2.9205555121827462	0.0009284719767894698
2.940820170587063	0.0009313294376110986
2.961225437988035	0.0009342027584896514
2.981772290019672	0.0009370917655178622
3.002461709085549	0.0009399962941235447
3.0232946844057773	0.0009429161885456458
3.044272212064302	0.000945851301347715
3.0653952950565277	0.0009488014929655338
3.0866649433372735	0.0009517666312860146
3.108082173869064	0.0009562422241701972
3.129648010670752	0.0009618128184358794
3.1513634848664784	0.0009674210985187126
3.173229634734977	0.0009730671588079188
3.195247505759212	0.0009787510992623075
3.2174181506763717	0.000984473025199544
3.2397426295281972	0.0009902330470992096
3.262222009711669	0.0009960312804186396
3.2848573660300446	0.0010018678454205142
3.307649780744241	0.0010051527430097649
3.330600343624589	0.0010071118501493695
3.3537101520029307	0.0010080375396311963
3.3769803108250906	0.00100882318065022
3.400411932703707	0.0010096082627199196
3.424006137971425	0.0010103926238261393
3.4477640547344643	0.0010111761072390767
3.4716868189265613	0.0010119585612851899
3.4957755743632744	0.0010127398391314424
3.52003147279668	0.001013284647823509
3.5444556739704347	0.0010137423193165972
3.5690493456752295	0.0010141980117900865
3.5938136638046276	0.001014651597696693
3.6187498124112794	0.001015293688572017
3.6438589837635456	0.0010163686267097682
3.6691423784024932	0.0010174438492014611
3.6946012051993025	0.0010185192498187597
3.7202366814130676	0.001019594725039892
3.746050032748992	0.001019567268781123
3.7720424934169983	0.0010192770059760943
3.7982153061907353	0.0010189854771734278
3.824569722466999	0.0010186925932949445
3.8511070023255707	0.0010183982679405018
3.877828414589456	0.001018102417285406
3.904735236885561	0.0010192113584337852
3.9318287557057694	0.001021323782697284
3.9591102664684588	0.0010234601441493382
3.9865810735804406	0.0010269743011215237
4.014242490499322	0.0010307012817551405
4.042095839796307	0.0010344622067145505
4.070142453219438	0.001031306065268095
4.0983836717572615	0.0010219224017730495
4.126820845702954	0.0010456747286342132
4.155455334718876	0.00103174111654877
4.184288507901582	0.0010280520474774217
4.213321743847288	0.0010429416105543008
4.242556430717777	0.0010385028332273562
4.271993966306779	0.001025735684924014
4.301635758106795	0.0010363215999971494
4.3314832233764	0.001053205619129383
4.361537789208005	0.0010534914893037747
4.391800892596086	0.0010529047499090176
4.422273980505899	0.0010546660836410562
4.452958509942655	0.0010558212603607087
4.483855948021187	0.0010554888253145227
4.5149677720361	0.0010614584324857117
4.5462954695324	0.0010709889110692252
4.577840538376619	0.0010856333462635364
4.609604486828434	0.0011028690313752742
4.641588833612778	0.001098313624253073
4.673795107992462	0.0010962298602342588
4.706224849841282	0.0011062821185506017
4.738879609717653	0.001111126224685729
4.771760948938746	0.001111897725049804
4.80487043965513	0.001135639339433083
4.838209664925956	0.001160956207417888
4.871780218794632	0.0011723495834794972
4.905583706365048	0.001181425621409489
4.9396217438783205	0.0011881266556573928
4.973895958790064	0.0012190544197027392
5.0084079898482115	0.0012245948802348972
5.04315948717136	0.0012441716442392644
5.078152112327674	0.0012648881320756582
5.113387538414326	0.0012875946882909203
5.148867450137494	0.001327042233590525
5.184593543892912	0.0013275921769285138
5.220567527846977	0.0013558944314967889
5.256791122018422	0.0013703135263552287
5.293266058360562	0.0013671730551144993
5.329994080844091	0.0014004662485138737
5.3669769455404746	0.0014235985158827262
5.404216420705916	0.001441828690997963
5.44171428686589	0.0014521138915560801
5.479472336900287	0.001473044153237973
5.517492376129126	0.0014851222905104984
5.555776222398876	0.0014857329864183676
5.5943257061693785	0.001512233799146135
5.633142670601354	0.0015333364663327204
5.672228971644543	0.001554223125798655
5.711586478126432	0.0015710645546947828
5.751217071841612	0.0015828449183462158
5.791122647641759	0.0015908728339377942
5.831305113526222	0.0015802593732846953
5.871766390733256	0.001609084012670065
5.912508413831878	0.0016166364552942845
5.953533130814368	0.0016242192404384971
5.99484250318941	0.0016318324651339198
6.036438506075867	0.0016394762273672604
6.07832312829723	0.0016471506260702395
6.1204983724767	0.0016554802532305823
6.1629662551329405	0.0016650551920092932
6.205728806776502	0.0016809436780859438
6.248788072006893	0.0016970002936660183
6.292146109610344	0.001713227132206443
6.335804992658251	0.0017296263201446278
6.379766808606281	0.0017462000175625767
6.424033659394192	0.001762950418868021
6.468607661546326	0.0017798797534930018
6.513490946272802	0.0017962328803553744
6.558685659571432	0.0018119228518385985
6.604193962330304	0.0018277692350163416
6.65001803043112	0.001843773948631133
6.6961600548532205	0.0018459777809113557
6.742622241778342	0.001840544261356532
6.789406812696109	0.0018353951668644022
6.836516004510237	0.001830519077449662
6.883952069645498	0.001825905245856488
6.931717276155406	0.0018221355032092914
6.9798139078306605	0.0018190834176788062
7.028244264308349	0.0018162610457601997
7.077010661181889	0.0018136602688632695
7.1261154301117475	0.0018112734149915053
7.1755609189369265	0.0018090932283562548
7.225349491787214	0.001808930450131057
7.2754835291962285	0.0018364305427099631
7.3259654282152304	0.0018646219305576259
7.376797602527732	0.0018931282180152304
7.427982482564916	0.0019221285381271556
7.479522515621821	0.00195189156631096
7.531420165974372	0.001982451126359584
7.583677914997191	0.0020138432486077992
7.636298261282244	0.002046106361085346
7.689283720758311	0.0020792815014197214
7.742636826811269	0.002113412552211492
7.796360130405233	0.0021722485367017077
7.850456200204509	0.002193346586078765
7.904927622696422	0.0022187157253432048
7.959777002314984	0.0022444283557922487
8.015006961565405	0.00227049037440685
8.070620141149503	0.002296907813320999
8.126619200091946	0.002323686843906898
8.183006815867392	0.0023508337810158393
8.239785684528517	0.002378355087382009
8.29695852083491	0.002406257378196648
8.354528058382867	0.0024376597712261693
8.412497049736118	0.0024704423104713294
8.470868266557405	0.0025037298324964287
8.529644499741023	0.0025375318958388423
8.588828559546252	0.002571858293928972
8.648423275731723	0.002606719062621491
8.708431497690723	0.002642124488031269
8.768856094587429	0.0026780851146886706
8.829699955494089	0.002714611754030237
8.89096598952916	0.0027417398694048766
8.952657125996396	0.0027674598241944387
9.014776314524918	0.0027935038826830292
9.077326525210227	0.002819878069420027
9.14031074875623	0.0028465885707744136
9.203731996618224	0.002873641740720928
9.267593301146878	0.0029010441068845613
9.33189771573324	0.0029288023768571873
9.396648314954696	0.0029569234448010564
9.461848194722	0.0030092187814079983
9.527500472427292	0.003055905680450181
9.593608287093142	0.0031033004259016215
9.660174799522645	0.0031514134464429577
9.727203192450542	0.0032002553194056755
9.794696670695393	0.003249836772816459
9.862658461312822	0.003300168687468864
9.931091813749795	0.0033512620990225122
10.	0.0034031282001302423