0.01	3.4993850527196274e-7
0.010069386314760276	3.522302209035795e-7
0.010139254075588154	3.545369455996655e-7
0.010209606623060466	3.568587776413308e-7
0.010280447320933092	3.5919581595360674e-7
0.010351779556301762	3.6154816010965027e-7
0.010423606739764018	3.6391591033499225e-7
0.010495932305582278	3.662991675117982e-7
0.01056875971184804	3.686980331831653e-7
0.010642092440647241	3.7111260955744295e-7
0.010715933998226712	3.7354299951258916e-7
0.010790287915161841	3.7598930660054344e-7
0.010865157746525383	3.784516350516429e-7
0.010940547072057424	3.8093008977905703e-7
0.011016459496336563	3.83424776383254e-7
0.011092898648952227	3.8593580115649827e-7
0.011169868184678232	3.8846327108737836e-7
0.01124737178364752	3.9100729386535467e-7
0.011325413151528114	3.935679778853569e-7
0.011403996019700324	3.9614543225239116e-7
0.011483124145435111	3.987397667861888e-7
0.01156280131207376	4.013510920258836e-7
0.011643031329208768	4.0397951923471966e-7
0.011723818032865992	4.06625160404783e-7
0.011805165285688049	4.092881282617821e-7
0.011887076977119033	4.1196853626984e-7
0.011969557023590434	4.146664986363297e-7
0.012052609368708425	4.1738213031673764e-7
0.012136237983442412	4.201155470195607e-7
0.01222044686631488	4.2286686521122814e-7
0.012305240043592616	4.2563620212107116e-7
0.012390621569479163	4.284236757463107e-7
0.012476595526308698	4.312294048570823e-7
0.012563166024741208	4.340535090014967e-7
0.012650337203959031	4.368961085107314e-7
0.012738113231864785	4.3975732450415586e-7
0.012826498305280605	4.426372788944862e-7
0.01291549665014884	4.455360943929864e-7
0.013005112521734093	4.4845389451468815e-7
0.01309535020482667	4.513908035836548e-7
0.013186214013947485	4.543469467382759e-7
0.013277708293554298	4.5732244993659965e-7
0.013369837418249465	4.6031743996169125e-7
0.013462605792989104	4.6333204442704353e-7
0.013556017853293682	4.6636639178200686e-7
0.013650078065460139	4.694206113172603e-7
0.013744790926775373	4.7249483317032194e-7
0.013840160965731315	4.7558918833109195e-7
0.013936192742241428	4.787038086474257e-7
0.014032890847858725	4.818388268307627e-7
0.014130259905995337	4.849943764617699e-7
0.014228304572143526	4.881705919960375e-7
0.014327029534098309	4.913676087698017e-7
0.014426439512181581	4.945855630057182e-7
0.014526539259467805	4.978245918186519e-7
0.0146273335620113	5.010848332215322e-7
0.014728827239075025	5.043664261312252e-7
0.014831025143361045	5.076695103744518e-7
0.014933932161242525	5.109942266937484e-7
0.015037553212997377	5.143407167534528e-7
0.01514189325304352	5.177091231457534e-7
0.015246957270175738	5.210995893967533e-7
0.015352750287804227	5.245122599725893e-7
0.015459277364194777	5.279472802855847e-7
0.01556654359271062	5.314047967004479e-7
0.01567455410205595	5.348849565404978e-7
0.015783314056521173	5.383879080939537e-7
0.01589282865622978	5.419138006202448e-7
0.01600310313738701	5.454627843563704e-7
0.016114142772530198	5.490550099953807e-7
0.016225952870780873	5.526782871739709e-7
0.016338538778098613	5.563254749673846e-7
0.016451905877536626	5.599967311617786e-7
0.016566059589499145	5.636922145846266e-7
0.016681005372000592	5.674120851115838e-7
0.01679674872092653	5.711565036734145e-7
0.01691329517029648	5.749256322629378e-7
0.017030650292528444	5.787196339420428e-7
0.017148819698705402	5.825386728487483e-7
0.01726780903884356	5.863829142042912e-7
0.017387624002162504	5.902525243202808e-7
0.017508270317357244	5.941476706058885e-7
0.017629753752872058	5.980685215751015e-7
0.017752080117176352	6.020152468539955e-7
0.017875255259042353	6.059880171880817e-7
0.017999285067824763	6.099870044496982e-7
0.018124175473742368	6.140123816454321e-7
0.018249932448161525	6.180643229236134e-7
0.018376562003881713	6.221430035818426e-7
0.018504070195423022	6.262486000745837e-7
0.018632463119315597	6.303812900207839e-7
0.018761746914391204	6.345412522115637e-7
0.018891927762076665	6.387286666179592e-7
0.019023011886689447	6.429437143986925e-7
0.01915500555573528	6.471865779080186e-7
0.019287915080207777	6.51457440703609e-7
0.019421746814890256	6.55756487554502e-7
0.019556507158659493	6.600839044490817e-7
0.019692202554791725	6.644398786031298e-7
0.019828839491270712	6.688245984679349e-7
0.019966424501097934	6.732382537384269e-7
0.02010496416260498	6.776810353613916e-7
0.020244465099768037	6.8215313554374e-7
0.020384933982524632	6.866547477608071e-7
0.02052637752709252	6.911860667647313e-7
0.02066880249629083	6.95747288592875e-7
0.02081221569986338	7.003386105763164e-7
0.02095662399480433	7.0496023134837e-7
0.021102034285685956	7.096123508531858e-7
0.021248453524988827	7.142951703544101e-7
0.021395888713434227	7.190088924438739e-7
0.021544346900318832	7.237537210503693e-7
0.021693835183851845	7.28529861448465e-7
0.021844360711494273	7.333375202673988e-7
0.021995930680300747	7.381769055000009e-7
0.022148552337263604	7.430482265116954e-7
0.022302232979659376	7.479516940495745e-7
0.02245697995539774	7.528875202514901e-7
0.022612800663372783	7.578559186552476e-7
0.0227697025538168	7.628571042078372e-7
0.022927693128656498	7.678912932747444e-7
0.023086779941871687	7.729587036492911e-7
0.02324697059985648	7.780595545620689e-7
0.023408272761782933	7.8319406669043e-7
0.023570694139967277	7.883624621680194e-7
0.023734242500238676	7.935649645943926e-7
0.02389892566231049	7.988017990446851e-7
0.024064751500154243	8.040731920793621e-7
0.024231727942375995	8.093793717540016e-7
0.024399862972595502	8.147205676291673e-7
0.024569164629827913	8.200970107803516e-7
0.024739641008868128	8.255089338079528e-7
0.024911300260677886	8.30956570847348e-7
0.025084150592775398	8.364401575790311e-7
0.025258200269627846	8.419599312387872e-7
0.025433457613046495	8.475161306279734e-7
0.02560993100258458	8.531089961238408e-7
0.02578762887593801	8.587889791533858e-7
0.02596655972934871	8.64565465325577e-7
0.02614673211801092	8.703808060156829e-7
0.026328154656480213	8.762352625708366e-7
0.026510836019085375	8.821290980960803e-7
0.02669478494034321	8.880625774662088e-7
0.02688001021537606	8.940359673376597e-7
0.027066520700332414	9.00049536160501e-7
0.02725432531281029	9.061035541904941e-7
0.027443433032283655	9.121982935012424e-7
0.027633852900531698	9.183340279964133e-7
0.027825594022071243	9.245110334220542e-7
0.028018665564591955	9.307295873789712e-7
0.02821307675939472	9.369899693352235e-7
0.028408836901833042	9.43292460638671e-7
0.02860595535175742	9.496373445296202e-7
0.028804441533962964	9.560249061535524e-7
0.029004304938639917	9.62455432573941e-7
0.029205555121827466	9.689292127851551e-7
0.029408201705870638	9.754465377254278e-7
0.029612254379880344	9.820077002899615e-7
0.029817722900196717	9.886129953440681e-7
0.030024617090855493	9.952627197364301e-7
0.03023294684405778	1.0019571723124376e-6
0.03044272212064303	1.0086966539276197e-6
0.030653952950565267	1.0154814674611646e-6
0.03086664943337273	1.0223119178295363e-6
0.031080821738690638	1.029188312000161e-6
0.03129648010670752	1.0361109590052456e-6
0.03151363484866479	1.0430801699556522e-6
0.03173229634734976	1.0500962580548815e-6
0.03195247505759212	1.0571595386131474e-6
0.03217418150676372	1.0642703290615526e-6
0.03239742629528197	1.07142894896635e-6
0.0326222200971167	1.0786357200432954e-6
0.03284857366030044	1.0858909661721278e-6
0.03307649780744241	1.0931950134111042e-6
0.03330600343624589	1.1005481900116645e-6
0.033537101520029304	1.1079508264331766e-6
0.033769803108250916	1.1154032553577973e-6
0.03400411932703706	1.1229058117054004e-6
0.03424006137971424	1.1304588326486608e-6
0.03447764054734464	1.1380626576281826e-6
0.034716868189265615	1.1457176283677632e-6
0.03495775574363275	1.1534240888897528e-6
0.03520031472796679	1.1611823855305062e-6
0.035444556739704335	1.1689928669559556e-6
0.0356904934567523	1.1768558841772827e-6
0.03593813663804628	1.184771790566672e-6
0.0361874981241128	1.192740941873223e-6
0.03643858983763545	1.2007636962389167e-6
0.03669142378402492	1.2088404142147174e-6
0.03694601205199302	1.216971458776775e-6
0.03720236681413068	1.2251571953427375e-6
0.03746050032748993	1.2333979917881785e-6
0.037720424934169994	1.24169421846311e-6
0.037982153061907345	1.2500462482086568e-6
0.03824569722466999	1.25845445637379e-6
0.03851107002325571	1.2669192208322024e-6
0.03877828414589457	1.275440921999291e-6
0.03904735236885562	1.2840199428492516e-6
0.039318287557057685	1.2926566689322918e-6
0.03959110266468459	1.3013514883919608e-6
0.039865810735804405	1.3101047919825744e-6
0.04014242490499322	1.3189169730868055e-6
0.04042095839796308	1.3277884277333421e-6
0.040701424532194365	1.3367195546146952e-6
0.040983836717572615	1.345710755105106e-6
0.04126820845702954	1.3548221578123145e-6
0.04155455334718875	1.3642449056691716e-6
0.041842885079015825	1.3737331884684384e-6
0.04213321743847287	1.3832874620035383e-6
0.04242556430717777	1.3929081852379288e-6
0.04271993966306779	1.402595820327161e-6
0.04301635758106795	1.4123508326410538e-6
0.043314832233764006	1.4221736907860686e-6
0.04361537789208003	1.4320648666278069e-6
0.04391800892596086	1.442024835313702e-6
0.044222739805058996	1.4520540752958116e-6
0.044529585099426554	1.4621530683538194e-6
0.044838559480211884	1.4723222996181712e-6
0.045149677720361	1.4825622575934008e-6
0.04546295469532399	1.4928734341815612e-6
0.04577840538376619	1.5032563247058735e-6
0.046096044868284336	1.5137114279345377e-6
0.046415888336127795	1.5242392461046567e-6
0.04673795107992461	1.5348402849463864e-6
0.04706224849841281	1.5455150537072165e-6
0.047388796097176535	1.556264065176458e-6
0.047717609489387455	1.5670878357098433e-6
0.04804870439655132	1.5779868852543514e-6
0.04838209664925955	1.5889617373731724e-6
0.04871780218794631	1.6000129192708844e-6
0.04905583706365048	1.6111409618187407e-6
0.04939621743878321	1.6223463995801979e-6
0.04973895958790065	1.6336297708365809e-6
0.050084079898482126	1.6449916176129674e-6
0.050431594871713586	1.6564324857041875e-6
0.05078152112327673	1.6679529247010568e-6
0.05113387538414326	1.6795534880168028e-6
0.05148867450137495	1.6912347329136083e-6
0.05184593543892913	1.7029972205294042e-6
0.052205675278469754	1.714841515904818e-6
0.05256791122018422	1.7267681880103373e-6
0.052932660583605615	1.7387778097736048e-6
0.0532999408084409	1.750870958106968e-6
0.05366976945540476	1.7630482139351752e-6
0.05404216420705915	1.775310162223315e-6
0.0544171428686589	1.7876573920048684e-6
0.05479472336900287	1.8000904964100363e-6
0.05517492376129126	1.8126100726942199e-6
0.055557762223988776	1.825216722266733e-6
0.05594325706169378	1.837911050719658e-6
0.05633142670601355	1.8506936678569487e-6
0.05672228971644543	1.8635651877237544e-6
0.05711586478126432	1.8765262286358702e-6
0.057512170718416133	1.889577413209465e-6
0.05791122647641758	1.9027193683909813e-6
0.058313051135262216	1.915952725487279e-6
0.05871766390733255	1.9292781201959163e-6
0.05912508413831878	1.9426961926357188e-6
0.0595353313081437	1.956207587377513e-6
0.05994842503189409	1.9698129534751224e-6
0.06036438506075867	1.9835129444964978e-6
0.0607832312829723	1.9973082185551355e-6
0.061204983724766994	2.0111994383417174e-6
0.06162966255132942	2.025187271155898e-6
0.062057288067765004	2.0392723889383913e-6
0.06248788072006891	2.053455468303227e-6
0.06292146109610344	2.0677371905702977e-6
0.0633580499265825	2.082118241798028e-6
0.06379766808606283	2.09659931281637e-6
0.0642403365939419	2.1111810992599683e-6
0.06468607661546324	2.125864301601613e-6
0.06513490946272803	2.140649625185838e-6
0.06558685659571432	2.155537780262839e-6
0.06604193962330306	2.17052948202257e-6
0.06650018030431122	2.186200219983603e-6
0.06696160054853219	2.2020307117661654e-6
0.06742622241778343	2.217975833706371e-6
0.0678940681269611	2.234036415852474e-6
0.06836516004510239	2.2502132942631878e-6
0.06883952069645499	2.2665073110512436e-6
0.06931717276155404	2.2829193144271614e-6
0.0697981390783066	2.2994501587434396e-6
0.07028244264308349	2.3161007045390583e-6
0.0707701066118189	2.3328718185842145e-6
0.07126115430111749	2.349764373925489e-6
0.07175560918936924	2.3667792499312674e-6
0.07225349491787214	2.383917332337555e-6
0.07275483529196229	2.401179513294034e-6
0.0732596542821523	2.418566691410537e-6
0.07376797602527735	2.4360797718038375e-6
0.07427982482564914	2.4537196661447294e-6
0.07479522515621821	2.4714872927054993e-6
0.07531420165974372	2.4893835764077705e-6
0.0758367791499719	2.5074094488705816e-6
0.07636298261282246	2.525565848458927e-6
0.0768928372075831	2.54385372033259e-6
0.0774263682681127	2.5622740164953747e-6
0.07796360130405233	2.5808276958446122e-6
0.07850456200204509	2.599515724221102e-6
0.07904927622696424	2.6183390744594278e-6
0.07959777002314981	2.63729872643853e-6
0.08015006961565405	2.6563956671327505e-6
0.08070620141149504	2.675630890663243e-6
0.08126619200091946	2.695005398349662e-6
0.08183006815867394	2.71452019876232e-6
0.08239785684528515	2.7341763077746867e-6
0.08296958520834907	2.7539747486162954e-6
0.08354528058382867	2.77391655192596e-6
0.08412497049736119	2.7940027558054472e-6
0.08470868266557406	2.814234405873562e-6
0.08529644499741021	2.8346125553204976e-6
0.0858882855954625	2.855138264962706e-6
0.08648423275731722	2.875812603298149e-6
0.08708431497690725	2.8966366465618553e-6
0.08768856094587431	2.9176114787819907e-6
0.08829699955494091	2.9387381918362613e-6
0.08890965989529158	2.9600178855088034e-6
0.08952657125996397	2.981451667547369e-6
0.09014776314524918	3.0030406537210146e-6
0.09077326525210229	3.0247859678782324e-6
0.09140310748756232	3.046688742005374e-6
0.09203731996618221	3.0687501162856157e-6
0.09267593301146879	3.0909712391583512e-6
0.0933189771573324	3.113353267378903e-6
0.09396648314954696	3.135897366078782e-6
0.09461848194722002	3.1586047088263216e-6
0.0952750047242729	3.181476477687815e-6
0.09593608287093142	3.2045138632889805e-6
0.09660174799522646	3.227718064876972e-6
0.09727203192450543	3.251090290382854e-6
0.09794696670695395	3.27463175648439e-6
0.0986265846131282	3.298343688669441e-6
0.09931091813749796	3.3222273212997807e-6
0.1	3.3462838976752737e-6
0.10069386314760276	3.3705146700986635e-6
0.10139254075588151	3.394920899940726e-6
0.10209606623060467	3.419503857705984e-6
0.10280447320933092	3.444264823098775e-6
0.10351779556301763	3.4692050850898976e-6
0.10423606739764017	3.4943259419837616e-6
0.10495932305582274	3.519628701485883e-6
0.10568759711848043	3.545114680771013e-6
0.10642092440647241	3.5717394772477173e-6
0.10715933998226711	3.5990665793274993e-6
0.10790287915161842	3.6266027589492404e-6
0.1086515774652538	3.6543496157490003e-6
0.10940547072057427	3.6823087616015664e-6
0.11016459496336567	3.710481820714016e-6
0.11092898648952228	3.7388704297201293e-6
0.11169868184678232	3.7674762377754316e-6
0.11247371783647517	3.7963009066530235e-6
0.11325413151528117	3.825346110840094e-6
0.11403996019700328	3.854613537635207e-6
0.11483124145435111	3.88410488724632e-6
0.1156280131207376	3.913821872889543e-6
0.11643031329208765	3.943766220888677e-6
0.11723818032865989	3.973939670775485e-6
0.11805165285688052	4.004343975390767e-6
0.11887076977119033	4.0349809009861565e-6
0.11969557023590434	4.065852227326749e-6
0.12052609368708422	4.096959747794486e-6
0.12136237983442408	4.128305269492331e-6
0.12220446866314884	4.159890613349245e-6
0.12305240043592616	4.191717614226012e-6
0.12390621569479163	4.223788121021753e-6
0.12476595526308698	4.256103996781393e-6
0.12563166024741204	4.2886671188038585e-6
0.12650337203959036	4.321479378751152e-6
0.12738113231864784	4.354542682758233e-6
0.12826498305280606	4.3878589515437585e-6
0.1291549665014884	4.421430120521648e-6
0.13005112521734088	4.455258139913525e-6
0.13095350204826672	4.489344974862004e-6
0.13186214013947484	4.523692605544861e-6
0.13277708293554297	4.243762697287105e-6
0.13369837418249467	4.139330767874529e-6
0.134626057929891	4.07959649454978e-6
0.13556017853293686	4.040448747299835e-6
0.1365007806546014	4.0136776812271235e-6
0.13744790926775374	3.995338196124454e-6
0.13840160965731316	3.983188256546718e-6
0.13936192742241424	3.9758164472478784e-6
0.14032890847858728	3.972270226045463e-6
0.14130259905995338	3.9718733656653595e-6
0.14228304572143527	3.974126932975343e-6
0.1432702953409831	3.978651453910376e-6
0.14426439512181577	3.985151136137916e-6
0.14526539259467808	3.993390694976739e-6
0.14627333562011302	4.003179765853861e-6
0.14728827239075026	4.0143620839557164e-6
0.14831025143361043	4.026807769462316e-6
0.14933932161242522	4.040407699035479e-6
0.15037553212997382	4.055069316449416e-6
0.15141893253043523	4.070713459187033e-6
0.15246957270175737	4.0872719169983545e-6
0.15352750287804226	4.104685527409697e-6
0.15459277364194773	4.122902671528406e-6
0.15566543592710616	4.141878072621843e-6
0.15674554102055954	4.16157182672712e-6
0.15783314056521172	4.181948613204971e-6
0.1589282865622978	4.202977046367045e-6
0.16003103137387006	4.2246291388081615e-6
0.16114142772530193	4.246879854001827e-6
0.16225952870780874	4.269706730830691e-6
0.16338538778098613	4.293089566542415e-6
0.16451905877536624	4.317010147504143e-6
0.16566059589499144	4.341452019326919e-6
0.16681005372000587	4.366400289622671e-6
0.16796748720926535	4.391841457969575e-6
0.1691329517029648	4.417763268689018e-6
0.17030650292528443	4.445259171158455e-6
0.171488196987054	4.474980143518778e-6
0.17267809038843554	4.505188186981092e-6
0.17387624002162508	4.535875777959031e-6
0.1750827031735724	4.567036119797863e-6
0.17629753752872057	4.598663077784979e-6
0.1775208011717635	4.630751121503155e-6
0.1787525525904235	4.66329527355421e-6
0.1799928506782477	4.696291063828081e-6
0.18124175473742368	4.7297344886146465e-6
0.18249932448161524	4.763621973957725e-6
0.18376562003881713	4.7979503427356914e-6
0.18504070195423017	4.8327167850252845e-6
0.18632463119315604	4.867918831365444e-6
0.18761746914391206	4.903554328589418e-6
0.18891927762076663	4.939621417936838e-6
0.19023011886689448	4.976118515194502e-6
0.19155005555735274	5.013044292646796e-6
0.19287915080207782	5.050397662643151e-6
0.1942174681489026	5.088177762614148e-6
0.19556507158659492	5.126383941387621e-6
0.19692202554791724	5.16501574667378e-6
0.19828839491270708	5.204072913603447e-6
0.1996642450109794	5.243555354216976e-6
0.20104964162604985	5.283463147812419e-6
0.2024446509976804	5.323796532072092e-6
0.2038493398252463	5.364555894895153e-6
0.20526377527092515	5.405741766871688e-6
0.20668802496290825	5.44735481434056e-6
0.20812215699863387	5.489395832979088e-6
0.2095662399480433	5.531865741878499e-6
0.21102034285685956	5.574765578062856e-6
0.21248453524988822	5.618096491414173e-6
0.21395888713434222	5.661859739969638e-6
0.2154434690031884	5.706056685560322e-6
0.21693835183851842	5.7506887897634746e-6
0.21844360711494273	5.795757610143596e-6
0.21995930680300743	5.841264796759067e-6
0.221485523372636	5.887212088913885e-6
0.2230223297965938	5.933601312135605e-6
0.2245697995539774	5.980434375362273e-6
0.22612800663372784	5.8532203063914985e-6
0.227697025538168	5.891868607951968e-6
0.22927693128656493	5.930802201151243e-6
0.2308677994187169	5.97002124809575e-6
0.23246970599856479	6.008136054862221e-6
0.2340827276178293	6.046075079784247e-6
0.23570694139967277	6.084272148262347e-6
0.23734242500238667	6.1227274150615275e-6
0.23898925662310497	6.174972858624297e-6
0.2406475150015424	6.229220345908257e-6
0.24231727942375994	6.284053636556047e-6
0.243998629725955	6.337489320857004e-6
0.24569164629827908	6.379847554275414e-6
0.24739641008868135	6.422500287776518e-6
0.24911300260677885	6.465448109047045e-6
0.250841505927754	6.50619335222954e-6
0.25258200269627845	6.544541076442126e-6
0.2543345761304649	6.583116351568735e-6
0.25609931002584585	6.621919536751448e-6
0.2578762887593802	6.6746351774463716e-6
0.2596655972934871	6.729104596614359e-6
0.26146732118010924	6.784069942603925e-6
0.26328154656480207	6.8286968254807625e-6
0.2651083601908538	6.859217392711837e-6
0.26694784940343214	6.889907279875269e-6
0.2688001021537606	6.920701472068347e-6
0.27066520700332414	6.949296996766125e-6
0.27254325312810285	6.979286766114868e-6
0.2744343303228365	7.0644427685896414e-6
0.2763385290053171	7.146854023218481e-6
0.2782559402207124	7.192802354858215e-6
0.28018665564591955	7.239056919267871e-6
0.2821307675939472	7.3004072904227715e-6
0.28408836901833034	7.38048586385242e-6
0.2860595535175743	7.461579072381376e-6
0.28804441533962966	7.531809666948512e-6
0.2900430493863992	7.571025301723241e-6
0.2920555512182746	7.610525114731104e-6
0.2940820170587063	7.651205381591608e-6
0.29612254379880354	7.696762749824178e-6
0.2981772290019672	7.742622363475747e-6
0.30024617090855493	7.790465391726641e-6
0.3023294684405778	7.850549804093987e-6
0.3044272212064302	7.908822297249863e-6
0.3065395295056528	7.967505951998275e-6
0.3086664943337273	8.026603006060138e-6
0.3108082173869064	8.086115716409982e-6
0.3129648010670752	8.142799117950043e-6
0.31513634848664784	8.187973900485334e-6
0.3173229634734977	8.233457837946255e-6
0.3195247505759212	8.291879102645021e-6
0.32174181506763716	8.374316203000684e-6
0.32397426295281967	8.45761441083753e-6
0.3262222009711669	8.503616736126942e-6
0.32848573660300445	8.518170179592315e-6
0.3307649780744241	8.53335328404604e-6
0.33306003436245885	8.571424976958838e-6
0.335371015200293	8.615836765445165e-6
0.3376980310825091	8.661391448922814e-6
0.3400411932703707	8.716138040219181e-6
0.34240061379714243	8.77123943947622e-6
0.3447764054734464	8.822969422793255e-6
0.3471686818926561	8.870118975616107e-6
0.34957755743632746	8.917600034065813e-6
0.35200314727966797	8.956900075418974e-6
0.3544455673970434	8.994759988768134e-6
0.356904934567523	9.032984532001505e-6
0.35938136638046275	9.071574076674886e-6
0.361874981241128	9.110529032009722e-6
0.36438589837635454	9.119916684166707e-6
0.36691423784024924	9.1203587399333e-6
0.36946012051993027	9.12187104402351e-6
0.3720236681413068	9.124421976495673e-6
0.37460500327489926	9.127981637764717e-6
0.3772042493416998	8.987984654832793e-6
0.3798215306190735	9.068794468711982e-6
0.38245697224669994	9.128656050377726e-6
0.38511070023255706	9.1467174515502e-6
0.3877828414589457	8.93148109597667e-6
0.3904735236885561	8.962610963238666e-6
0.39318287557057685	9.017959851875235e-6
0.3959110266468459	8.963449521462844e-6
0.3986581073580441	9.151186801508374e-6
0.4014242490499321	8.870928465405929e-6
0.4042095839796307	8.83008766818166e-6
0.4070142453219438	8.804448004957526e-6
0.4098383671757262	8.76507686743194e-6
0.41268208457029537	8.790632291635632e-6
0.4155455334718875	8.679074356329751e-6
0.4184288507901581	8.65004963332227e-6
0.4213321743847288	8.562753382284594e-6
0.42425564307177777	8.353720941377533e-6
0.4271993966306779	8.13801189294154e-6
0.43016357581067943	8.104071341819209e-6
0.43314832233763995	8.090661756766793e-6
0.4361537789208005	7.952339039409094e-6
0.43918008925960866	7.906826317922886e-6
0.4422273980505899	7.913773655133935e-6
0.4452958509942655	7.702904395528853e-6
0.4483855948021188	7.761422200308754e-6
0.4514967772036101	7.481374044114402e-6
0.45462954695324	7.5437835738930015e-6
0.45778405383766185	7.398790543606534e-6
0.4609604486828433	7.369874487511397e-6
0.4641588833612779	7.3108891491059825e-6
0.4673795107992462	7.308990162805475e-6
0.47062248498412823	7.204834788419776e-6
0.47388796097176533	7.303906954031549e-6
0.4771760948938746	7.273620582581232e-6
0.4804870439655131	7.223432860489407e-6
0.4838209664925956	6.8835774728928185e-6
0.48717802187946313	5.962608961230233e-6
0.4905583706365048	6.079105465512197e-6
0.4939621743878321	7.650774109686345e-6
0.49738959587900644	8.649723314239876e-6
0.5008407989848211	9.086064260233449e-6
0.5043159487171359	9.6042051557342e-6
0.5078152112327674	0.000010065942719206761
0.5113387538414326	0.000010519982314106444
0.5148867450137494	0.000010830744609833466
0.5184593543892911	0.000011386142067702651
0.5220567527846975	0.000012212256014723999
0.5256791122018423	0.000013074693119167052
0.5293266058360562	0.000013943971167220519
0.5329994080844089	0.000014894985676080068
0.5366976945540475	0.00001541751411611911
0.5404216420705915	0.00001642289677490355
0.5441714286865891	0.00001779669184445742
0.5479472336900287	0.00001878318383797163
0.5517492376129125	0.000019677451363576914
0.5555776222398876	0.000020697005349080125
0.5594325706169379	0.00002126994985976776
0.5633142670601355	0.000022151353454689083
0.5672228971644544	0.000022897673664036648
0.5711586478126431	0.000023929451470805423
0.5751217071841612	0.000024464022378848152
0.579112264764176	0.000025656730609949326
0.5831305113526223	0.000026469534255296822
0.5871766390733255	0.000027149526961882246
0.5912508413831877	0.000027985859058574057
0.5953533130814369	0.00002842247019698232
0.599484250318941	0.000028861979467264866
0.6036438506075867	0.000029795443885690542
0.6078323128297229	0.00003016848124628314
0.6120498372476699	0.000030427257286362017
0.6162966255132941	0.00003181643174650577
0.6205728806776502	0.00003166424321183943
0.6248788072006892	0.000030749910750537784
0.6292146109610345	0.000030243396175212534
0.633580499265825	0.000019526047750375332
0.6379766808606282	9.764695930341168e-6
0.6424033659394193	0.000022992434812101498
0.6468607661546325	0.000029154829984960357
0.6513490946272803	0.00003210972225154292
0.6558685659571432	0.0000340649833736112
0.6604193962330305	0.00003510155880080713
0.665001803043112	0.00003627671163733838
0.669616005485322	0.00003638859722575667
0.6742622241778342	0.00003702697003665355
0.6789406812696108	0.000038488615492623544
0.6836516004510238	0.000038943095265189884
0.6883952069645498	0.00003972584224265586
0.6931717276155405	0.00004025238588967717
0.6979813907830661	0.00004120785638703618
0.7028244264308349	0.00004167945867824316
0.7077010661181888	0.000041631109463157975
0.7126115430111748	0.00004201935964963586
0.7175560918936926	0.000042447241187163424
0.7225349491787214	0.0000428126558037221
0.7275483529196228	0.000043686735777912455
0.732596542821523	0.00004326219326631512
0.7376797602527733	0.00004393124140000622
0.7427982482564915	0.000044730512545202556
0.7479522515621823	0.000044860922704234003
0.7531420165974372	0.00004508606999092482
0.758367791499719	0.0000456861620232558
0.7636298261282244	0.00004568796076230453
0.7689283720758311	0.00004567867688865743
0.7742636826811271	0.0000456562603719219
0.7796360130405233	0.00004652060452932724
0.7850456200204509	0.00004653845122979669
0.7904927622696423	0.00004703319246455171
0.7959777002314984	0.00004748317535041375
0.8015006961565406	0.00004733156999709925
0.8070620141149504	0.000047921651978285986
0.8126619200091945	0.00004735553446673946
0.8183006815867393	0.000047846704301203515
0.8239785684528518	0.00004787695741481194
0.8296958520834907	0.00004875065373669353
0.8354528058382867	0.00004814027046669102
0.8412497049736117	0.000048623151635404955
0.8470868266557405	0.0000475961262211357
0.8529644499741023	0.000048678282416722275
0.8588828559546251	0.00004880283054053948
0.8648423275731723	0.00004854261014586912
0.8708431497690724	0.00004848759150368621
0.8768856094587429	0.000048858249343378964
0.8829699955494089	0.00004963580204919659
0.8890965989529159	0.000050136027766003475
0.8952657125996397	0.00005108497674917537
0.9014776314524917	0.000050460671407937366
0.9077326525210226	0.00005076115073320165
0.914031074875623	0.00005019280639817603
0.9203731996618223	0.00004947321665665511
0.9267593301146879	0.00004896843869440148
0.9331897715733238	0.00004866519250483132
0.9396648314954694	0.00004902789442025669
0.9461848194722	0.00004963876165382551
0.9527500472427292	0.000049909862006275204
0.9593608287093143	0.00005031304645836786
0.9660174799522646	0.0000504292059378842
0.9727203192450541	0.000050578425661269256
0.9794696670695393	0.000051272445669330955
0.9862658461312822	0.000051464431226120405
0.9931091813749796	0.00005142456731576301
1.	0.00005143063505648155
1.0069386314760276	0.00005216196500230622
1.013925407558815	0.000052482185479569674
1.0209606623060468	0.00005225279588898311
1.0280447320933093	0.00005061192763562859
1.0351779556301763	0.00005109949187161688
1.0423606739764015	0.00005266773936182278
1.0495932305582274	0.000052722938854592615
1.0568759711848041	0.000053638565199704385
1.0642092440647242	0.00005365346275385591
1.0715933998226712	0.00005443558798029821
1.079028791516184	0.00005504184574147653
1.0865157746525382	0.000055505080655916595
1.0940547072057427	0.00005529072925794168
1.1016459496336566	0.000055858551200111514
1.1092898648952227	0.000055547172143243686
1.116986818467823	0.000057445836034055444
1.1247371783647517	0.00005779702750957108
1.1325413151528119	0.000060112856292593496
1.1403996019700327	0.000060001075946645515
1.148312414543511	0.00005912699633965386
1.1562801312073758	0.00006333256413651609
1.1643031329208766	0.00006462708376324626
1.172381803286599	0.0000640557941158297
1.180516528568805	0.0000652950785694619
1.1887076977119033	0.00006470437171374958
1.1969557023590434	0.00006557220149644251
1.2052609368708425	0.00006549949782197032
1.2136237983442408	0.00006559188653644598
1.2220446866314882	0.00006801113081180763
1.2305240043592616	0.00006487961777572119
1.2390621569479163	0.00006420552210338074
1.2476595526308696	0.00006572185464594503
1.2563166024741206	0.0000664544641715938
1.2650337203959034	0.00006681474394742043
1.2738113231864785	0.00006717657684311843
1.2826498305280605	0.00006753996682741007
1.2915496650148839	0.00006790491787088285
1.300511252173409	0.00006827143394610207
1.3095350204826672	0.0000687346851246559
1.3186214013947486	0.00006928175924104283
1.3277708293554298	0.00006983277110892257
1.3369837418249464	0.00007038774538501776
1.3462605792989102	0.00007094670686006193
1.3556017853293685	0.00007150968045957551
1.365007806546014	0.00007207669124465168
1.3744790926775374	0.00007264776441274615
1.3840160965731314	0.0000733434070477074
1.3936192742241424	0.00007377418227719405
1.4032890847858728	0.00007403364338547802
1.413025990599534	0.0000742940176586622
1.4228304572143526	0.00007455530829504014
1.4327029534098308	0.00007481751850448036
1.4426439512181577	0.00007508065150845926
1.4526539259467808	0.00007534471054009448
1.46273335620113	0.00007560969884417807
1.4728827239075026	0.00007587561967721043
1.4831025143361043	0.00007627954315779312
1.4933932161242522	0.00007674734799959164
1.503755321299738	0.00007721272646781706
1.5141893253043521	0.00007767145659426023
1.5246957270175738	0.00007813281503657128
1.5352750287804227	0.00007859681563814693
1.5459277364194774	0.00007906347230082951
1.5566543592710615	0.00007953279898496842
1.5674554102055953	0.0000799254706293775
1.5783314056521174	0.00008023234629189425
1.5892828656229778	0.00008054210046963302
1.6003103137387007	0.00008085263530082179
1.6114142772530196	0.0000811639516717756
1.6225952870780875	0.00008147605047851658
1.6338538778098612	0.00008221453065820654
1.6451905877536626	0.00008308193482244841
1.6566059589499142	0.00008396409737409869
1.6681005372000588	0.00008486143260633102
1.6796748720926535	0.00008577410114029514
1.691329517029648	0.00008665324089287848
1.7030650292528444	0.00008744311406630588
1.7148819698705398	0.00008824339220882496
1.7267809038843556	0.00008905428921796118
1.7387624002162507	0.00008987602541566887
1.7508270317357244	0.00009068292242118323
1.7629753752872057	0.00009114280984147096
1.775208011717635	0.00009160454025495179
1.787525525904235	0.00009202145447905803
1.7999285067824768	0.00009243538087138949
1.812417547374237	0.00009285066990660482
1.8249932448161523	0.00009339982639626714
1.8376562003881711	0.00009395327849764668
1.850407019542302	0.00009451017898824064
1.8632463119315603	0.00009507055163796619
1.8761746914391206	0.0000956322856484408
1.8891927762076663	0.00009617586074202372
1.9023011886689445	0.00009672997381841206
1.9155005555735276	0.00009728736416499948
1.9287915080207783	0.00009784796662327257
1.9421746814890257	0.00009841179969861533
1.955650715865949	0.00009897888200313779
1.9692202554791722	0.00009954923225628982
1.982883949127071	0.00010012286928547715
1.996642450109794	0.00010069981202668262
2.0104964162604984	0.00010110578316568697
2.0244465099768036	0.00010141290660915241
2.0384933982524633	0.00010172040910673168
2.052637752709252	0.00010202828959815585
2.0668802496290826	0.00010233654703394596
2.0812215699863383	0.00010264518037551459
2.095662399480433	0.00010295418859526356
2.1102034285685956	0.00010326357067668045
2.1248453524988826	0.00010357332561443496
2.139588871343422	0.00010438632141540986
2.154434690031884	0.00010514724549367704
2.169383518385185	0.00010591733363397876
2.1844360711494275	0.00010669677187358726
2.1995930680300746	0.00010748575177898222
2.2148552337263596	0.00010828447066163442
2.2302232979659378	0.00010608733682847066
2.2456979955397744	0.00010421972317195614
2.2612800663372785	0.00010413462171458868
2.2769702553816797	0.00010449006001850874
2.2927693128656492	0.00010478172275747931
2.308677994187169	0.00010596889132289754
2.324697059985648	0.00010555527385638127
2.340827276178293	0.00010161858080404895
2.3570694139967276	0.00009413906188038469
2.373424250023867	0.00010122336254133855
2.3898925662310497	0.00010292930739521375
2.4064751500154244	0.0001023413674097608
2.4231727942375993	0.00010358799706974919
2.43998629725955	0.00010164325614660904
2.456916462982791	0.00009850477687782831
2.4739641008868136	0.00010192804148169609
2.491130026067789	0.00009454908792782986
2.50841505927754	0.00009456903948705757
2.5258200269627844	0.00009027161595745203
2.543345761304649	0.00009352525478086231
2.5609931002584587	0.00009427552223067824
2.5787628875938013	0.00009373270963981924
2.596655972934871	0.00009387998402807032
2.6146732118010916	0.00009411803815892839
2.632815465648021	0.00009894903507766785
2.6510836019085384	0.0001036239151642492
2.6694784940343212	0.00010395388651678203
2.6880010215376062	0.0001044753406414256
2.7066520700332415	0.00010348014289930942
2.725432531281029	0.00010250864159293786
2.744343303228365	0.00010205343050129038
2.7633852900531704	0.00010067970444617322
2.7825594022071245	0.00010124607477080859
2.801866556459195	0.0001026876238014803
2.821307675939472	0.00010513390925859703
2.8408836901833032	0.00010520576328671693
2.8605955351757424	0.00010365045422898992
2.880444153396297	0.0001046046191088953
2.9004304938639915	0.00010452287042901725
2.9205555121827462	0.00010447731684863111
2.940820170587063	0.00010446642177303101
2.961225437988035	0.00010445715503222619
2.981772290019672	0.00010444941846665078
3.002461709085549	0.00010450704919005946
3.0232946844057773	0.00010504405361585859
3.044272212064302	0.00010558783921021715
3.0653952950565277	0.00010613848849259149
3.0866649433372735	0.00010669608885919996
3.108082173869064	0.00010722758793262848
3.129648010670752	0.00010769175631821535
3.1513634848664784	0.00010797545669722832
3.173229634734977	0.00010826127697007391
3.195247505759212	0.00010854919180208643
3.2174181506763717	0.0001088391776157767
3.2397426295281972	0.00010913121248568548
3.262222009711669	0.00010939996837721624
3.2848573660300446	0.00010964899486246741
3.307649780744241	0.00010986334666417325
3.330600343624589	0.0001100602548068167
3.3537101520029307	0.00011025831951403024
3.3769803108250906	0.00011045751572180974
3.400411932703707	0.00011065781951799616
3.424006137971425	0.00011085920807806836
3.4477640547344643	0.00011106165960541856
3.4716868189265613	0.00011126515327572944
3.4957755743632744	0.00011146966918511316
3.52003147279668	0.000111637308670126
3.5444556739704347	0.00011179204089499505
3.5690493456752295	0.00011194757256742554
3.5938136638046276	0.00011210388582155137
3.6187498124112794	0.00011226096352964279
3.6438589837635456	0.00011241878926570017
3.6691423784024932	0.00011257734727126664
3.6946012051993025	0.00011273662242329575
3.7202366814130676	0.00011289660020392267
3.746050032748992	0.00011299562729259131
3.7720424934169983	0.00011296834894910062
3.7982153061907353	0.00011292084702069699
3.824569722466999	0.00011287323473527583
3.8511070023255707	0.0001128254943877435
3.877828414589456	0.0001127776089492336
3.904735236885561	0.00011272956203785178
3.9318287557057694	0.00011268133789099402
3.9591102664684588	0.00011263292133913793
3.9865810735804406	0.00011263831138105428
4.014242490499322	0.00011265064007629215
4.042095839796307	0.00011266271393178342
4.070142453219438	0.00011269334867524739
4.0983836717572615	0.0001127743108786132
4.126820845702954	0.00011285523694963613
4.155455334718876	0.00011293611510300215
4.184288507901582	0.00011301693386988217
4.213321743847288	0.00011309768208509989
4.242556430717777	0.00011337893731987398
4.271993966306779	0.00011366974645269304
4.301635758106795	0.00011396114090683404
4.3314832233764	0.00011425311152133315
4.361537789208005	0.00011454564931178604
4.391800892596086	0.00011498828361784825
4.422273980505899	0.00011555512838581636
4.452958509942655	0.00011612698593889465
4.483855948021187	0.00011672073623766521
4.5149677720361	0.000117837671898547
4.5462954695324	0.00011896764322155374
4.577840538376619	0.0001193586795548355
4.609604486828434	0.000118972077158135
4.641588833612778	0.00012221280676546166
4.673795107992462	0.00012163419028114862
4.706224849841282	0.00012172809246457086
4.738879609717653	0.00012422043590354056
4.771760948938746	0.00012456646539739486
4.80487043965513	0.00012422537193474423
4.838209664925956	0.0001266026402318893
4.871780218794632	0.00012990930438721687
4.905583706365048	0.00013127938833703792
4.9396217438783205	0.00013246603218764326
4.973895958790064	0.00013397277286037135
5.0084079898482115	0.00013542804160747565
5.04315948717136	0.00013668351237778136
5.078152112327674	0.00013834675706651196
5.113387538414326	0.00014056864098810167
5.148867450137494	0.00014345893697001973
5.184593543892912	0.00014675817272700735
5.220567527846977	0.00014728234373927006
5.256791122018422	0.00014796410068700875
5.293266058360562	0.00015036890729096827
5.329994080844091	0.00015213599075363467
5.3669769455404746	0.0001531666261273923
5.404216420705916	0.00015597523994546886
5.44171428686589	0.00015886363195220828
5.479472336900287	0.00015975328684896114
5.517492376129126	0.00016034084747044769
5.555776222398876	0.00016057704061283202
5.5943257061693785	0.00016409665670882466
5.633142670601354	0.00016407121801214375
5.672228971644543	0.00016599847134819002
5.711586478126432	0.00016804990991273346
5.751217071841612	0.0001701661268695196
5.791122647641759	0.00017432754021123374
5.831305113526222	0.0001733859404551228
5.871766390733256	0.00017585243206142196
5.912508413831878	0.00017702254977867803
5.953533130814368	0.00017538289188569615
5.99484250318941	0.0001785784280275307
6.036438506075867	0.00018049548397370218
6.07832312829723	0.00018192246677475012
6.1204983724767	0.0001827318125427789
6.1629662551329405	0.00018467288682786202
6.205728806776502	0.00018563223271701192
6.248788072006893	0.0001850410201828887
6.292146109610344	0.0001876241329281119
6.335804992658251	0.00018957986965530786
6.379766808606281	0.00019151519780458154
6.424033659394192	0.00019291775704724374
6.468607661546326	0.00019388087538487457
6.513490946272802	0.0001946307462022296
6.558685659571432	0.00019275185731576147
6.604193962330304	0.00019621329342224333
6.65001803043112	0.00019680958738701253
6.6961600548532205	0.00019740707292379358
6.742622241778342	0.0001980057501875637
6.789406812696109	0.00019860561941659451
6.836516004510237	0.00019920668093041657
6.883952069645498	0.0001998089351278546
6.931717276155406	0.0002004040415372889
6.9798139078306605	0.0002017655412206881
7.028244264308349	0.00020313826703446998
7.077010661181889	0.00020452234284894813
7.1261154301117475	0.00020591789449066073
7.1755609189369265	0.0002073250497827047
7.225349491787214	0.0002087439385861437
7.2754835291962285	0.00021017469284252032
7.3259654282152304	0.00021161744661751342
7.376797602527732	0.00021300375775417188
7.427982482564916	0.00021436046551988325
7.479522515621821	0.00021572812398194823
7.531420165974372	0.00021556283844570095
7.583677914997191	0.00021442105395901059
7.636298261282244	0.00021331655226121076
7.689283720758311	0.00021224775933876086
7.742636826811269	0.0002112131928338483
7.796360130405233	0.00021021145532480482
7.850456200204509	0.00020949773221909412
7.904927622696422	0.00020892088098059235
7.959777002314984	0.000208370600750673
8.015006961565405	0.00020784591601838838
8.070620141149503	0.00020734590354214686
8.126619200091946	0.0002069654328029358
8.183006815867392	0.0002098587091889698
8.239785684528517	0.00021282358100102586
8.29695852083491	0.00021586306532224593
8.354528058382867	0.00021853922158974256
8.412497049736118	0.00022115623958953045
8.470868266557405	0.00022384244965628172
8.529644499741023	0.00022660108078830367
8.588828559546252	0.0002294355802617666
8.648423275731723	0.00023234963305930582
8.708431497690723	0.00023534718345897645
8.768856094587429	0.00024127712773827173
8.829699955494089	0.0002423359988925222
8.89096598952916	0.00024408040476696667
8.952657125996396	0.00024587712498375184
9.014776314524918	0.0002476926762546415
9.077326525210227	0.0002495273656543045
9.14031074875623	0.0002513815076070388
9.203731996618224	0.00025325542411927884
9.267593301146878	0.00025514944502125594
9.33189771573324	0.00025706390821823703
9.396648314954696	0.0002589991599517938
9.461848194722	0.00026112846243265923
9.527500472427292	0.00026329604431724475
9.593608287093142	0.0002654885219807544
9.660174799522645	0.00026770632915082545
9.727203192450542	0.00026994991056922117
9.794696670695393	0.00027221972236303736
9.862658461312822	0.0002745162324314941
9.931091813749795	0.0002768399208490879
10.	0.00027919128028595013